Date,Switzerland10Y,Japan10Y,Germany10Y,France10Y,US10Y
20140106,0.01214,0.00731,0.01908,0.02395,0.02976
20140107,0.01197,0.00696,0.01889,0.02367,0.02956
20140108,0.01244,0.00717,0.01905,0.02369,0.02984
20140109,0.01253,0.00703,0.0191,0.02421,0.02986
20140110,0.01227,0.00701,0.01846,0.02373,0.02956
20140113,0.01224,0,0.01817,0.02344,0.02854
20140114,0.01204,0.00669,0.01816,0.02321,0.02847
20140115,0.01198,0.0067,0.01827,0.02492,0.02864
20140116,0.01156,0.00671,0.01777,0.02459,0.0288
20140117,0.01149,0.00675,0.01755,0.02416,0.02834
20140121,0.01108,0.00681,0.01743,0.02415,0.02843
20140122,0.01094,0.00684,0.01755,0.02439,0.02849
20140123,0.01075,0.00637,0.01714,0.02427,0.02838
20140124,0.01052,0.00633,0.01655,0.02378,0.02737
20140127,0.01048,0.00629,0.01671,0.02365,0.0275
20140128,0.01057,0.00635,0.01677,0.02365,0.02779
20140129,0.0104,0.00619,0.01644,0.02351,0.02755
20140130,0.01027,0.00631,0.01619,0.02306,0.02699
20140131,0.00985,0.00626,0.01659,0.02237,0.02648
20140203,0.00999,0.0061,0.01649,0.02224,0.02677
20140204,0.0099,0.00619,0.01651,0.02227,0.02611
20140205,0.00986,0.00614,0.01641,0.02222,0.02608
20140206,0.01026,0.00624,0.01695,0.02283,0.02677
20140207,0.01019,0.00621,0.01661,0.02243,0.02722
20140210,0.01029,0.00606,0.01682,0.02269,0.02673
20140211,0.01037,0,0.01687,0.02282,0.02687
20140212,0.01046,0.00614,0.01724,0.02309,0.02742
20140213,0.01039,0.00607,0.01671,0.02273,0.02761
20140214,0.01035,0.00598,0.01687,0.02282,0.0273
20140218,0.01019,0.00609,0.01673,0.02258,0.0273
20140219,0.01003,0.00613,0.01664,0.0226,0.02682
20140220,0.01028,0.00599,0.01695,0.02297,0.02736
20140221,0.01015,0.00601,0.01667,0.02267,0.02766
20140224,0.01008,0.00603,0.01679,0.02277,0.02741
20140225,0.01008,0.00587,0.01651,0.02245,0.02746
20140226,0.00987,0.00589,0.01616,0.02197,0.0271
20140227,0.00957,0.00585,0.01568,0.02129,0.02648
20140228,0.00999,0.00586,0.01627,0.02203,0.0264
20140303,0.00921,0.00582,0.01561,0.02151,0.02612
20140304,0.00942,0.00611,0.016,0.02168,0.02647
20140305,0.00967,0.00619,0.01602,0.02171,0.027
20140306,0.01028,0.00621,0.01651,0.02223,0.02721
20140307,0.01036,0.00625,0.01653,0.02212,0.02725
20140310,0.01009,0.00628,0.01628,0.02203,0.02802
20140311,0.0101,0.00628,0.01639,0.02224,0.02786
20140312,0.00987,0.00623,0.01597,0.02187,0.02752
20140313,0.00951,0.00636,0.01548,0.02139,0.02732
20140314,0.00965,0.00625,0.01547,0.02126,0.02626
20140317,0.00968,0.00631,0.01567,0.02139,0.02672
20140318,0.00973,0.00621,0.01571,0.02126,0.0269
20140319,0.0098,0.00618,0.01599,0.02158,0.02683
20140320,0.01016,0.00601,0.01651,0.0219,0.02781
20140324,0.00986,0.00607,0.01582,0.02129,0.0277
20140325,0.00941,0.00614,0.01574,0.02126,0.02746
20140326,0.00957,0.00627,0.0157,0.02094,0.02755
20140327,0.00926,0.00626,0.01535,0.02057,0.02703
20140328,0.00942,0.0063,0.01551,0.02078,0.02688
20140331,0.00956,0.00643,0.0157,0.02087,0.02744
20140401,0.00953,0.00618,0.01581,0.02112,0.02743
20140402,0.00959,0.00644,0.01616,0.02144,0.02779
20140403,0.00941,0.00648,0.01604,0.02112,0.02799
20140404,0.00914,0.00649,0.01557,0.02039,0.02795
20140407,0.00902,0.00611,0.01544,0.02048,0.02726
20140408,0.00914,0.00621,0.01561,0.02074,0.02717
20140409,0.00921,0.00617,0.01579,0.02083,0.02706
20140410,0.00894,0.00607,0.01525,0.02027,0.02666
20140411,0.00872,0.00609,0.01506,0.02014,0.02608
20140414,0.00867,0.00612,0.01528,0.02021,0.02637
20140415,0.00844,0.00603,0.01475,0.0195,0.02655
20140416,0.00865,0.00612,0.01486,0.01958,0.02648
20140417,0.00869,0.00617,0.01515,0.01992,0.02652
20140422,0.00902,0.00607,0.01543,0.02025,0.02726
20140423,0.00869,0.00615,0.01519,0.02016,0.02697
20140424,0.00867,0.00636,0.01533,0.02007,0.02715
20140425,0.00853,0.00624,0.01483,0.01971,0.02666
20140428,0.00851,0.00616,0.015,0.02001,0.02682
20140429,0.00863,0,0.01506,0.02005,0.02715
20140430,0.00844,0.0062,0.0147,0.01968,0.02711
20140502,0.00841,0.00611,0.01452,0.01932,0.02624
20140506,0.00846,0,0.01464,0.01933,0.0261
20140507,0.00847,0.00606,0.01472,0.01942,0.02611
20140508,0.00817,0.00606,0.01446,0.01903,0.02618
20140509,0.00812,0.00609,0.01459,0.01895,0.02595
20140512,0.00812,0.00619,0.01466,0.01924,0.02645
20140513,0.00781,0.00611,0.01422,0.01881,0.02656
20140514,0.00731,0.00599,0.01377,0.01816,0.02571
20140515,0.00698,0.00589,0.01306,0.01765,0.02541
20140516,0.00748,0.00592,0.01336,0.01791,0.02496
20140519,0.00767,0.00598,0.01341,0.01807,0.0252
20140520,0.00798,0.00593,0.01355,0.01841,0.02548
20140521,0.00811,0.00603,0.01374,0.01849,0.0253
20140522,0.00794,0.00605,0.0136,0.01819,0.02554
20140523,0.00792,0.00592,0.01412,0.01815,0.02543
20140527,0.00755,0.00596,0.01384,0.01788,0.02536
20140528,0.0072,0.00577,0.01337,0.01722,0.02498
20140529,0.00714,0.00579,0.01352,0.01725,0.02436
20140530,0.00723,0.00579,0.01357,0.01773,0.02466
20140602,0.00695,0.00593,0.01367,0.0177,0.025
20140603,0.00731,0.00618,0.01411,0.01811,0.0255
20140604,0.00742,0.00618,0.01437,0.01841,0.0258
20140605,0.00747,0.00612,0.01417,0.01804,0.02602
20140606,0.00702,0.00599,0.01357,0.01718,0.02577
20140609,0.00705,0.00607,0.0138,0.01708,0.02615
20140610,0.00779,0.00598,0.01411,0.01754,0.02631
20140611,0.00766,0.00602,0.01396,0.01755,0.02635
20140612,0.0076,0.006,0.01388,0.01757,0.02651
20140613,0.00762,0.00605,0.01371,0.01734,0.02613
20140616,0.00737,0.00601,0.01354,0.01725,0.02581
20140617,0.00761,0.00596,0.01404,0.01774,0.02595
20140618,0.00745,0.00594,0.01378,0.0174,0.0265
20140619,0.0071,0.00592,0.0133,0.0167,0.02586
20140620,0.00713,0.00586,0.01349,0.01689,0.02641
20140623,0.00701,0.00589,0.01325,0.01671,0.02599
20140624,0.007,0.00578,0.01321,0.01665,0.0261
20140625,0.00672,0.00575,0.01266,0.016,0.02572
20140626,0.00648,0.00572,0.01242,0.01577,0.02563
20140627,0.00652,0.00565,0.01263,0.016,0.02521
20140630,0.00645,0.00567,0.01251,0.01597,0.0252
20140701,0.00642,0.00563,0.01248,0.01596,0.0255
20140702,0.00656,0.00567,0.01284,0.01625,0.02588
20140707,0.00639,0.00564,0.01258,0.01586,0.02632
20140708,0.00613,0.00551,0.01224,0.01545,0.02597
20140709,0.00616,0.00549,0.01231,0.01551,0.02578
20140710,0.00598,0.00543,0.01201,0.01534,0.02503
20140711,0.00603,0.00537,0.01204,0.01536,0.02523
20140714,0.00611,0.00541,0.01211,0.0154,0.02529
20140715,0.00609,0.00547,0.0121,0.01547,0.02547
20140716,0.00607,0.00547,0.01196,0.01513,0.02554
20140717,0.00591,0.00525,0.01158,0.0159,0.02516
20140718,0.00539,0.00545,0.0116,0.01579,0.02464
20140721,0.00538,0,0.01148,0.01555,0.02485
20140722,0.00538,0.00543,0.01175,0.01578,0.02496
20140723,0.00516,0.00534,0.01148,0.01544,0.02462
20140724,0.00531,0.00533,0.01179,0.01578,0.02493
20140725,0.00515,0.00536,0.01146,0.01553,0.02505
20140728,0.00507,0.0053,0.01151,0.0154,0.0248
20140729,0.00486,0.00525,0.0112,0.0151,0.02478
20140730,0.00523,0.0054,0.01167,0.01537,0.02471
20140731,0.00552,0.00534,0.0117,0.01548,0.02569
20140801,0.00552,0.00539,0.0114,0.01523,0.02582
20140804,0.00524,0.00533,0.01136,0.01512,0.02494
20140805,0.00524,0.0052,0.01176,0.01571,0.02494
20140806,0.0049,0.00522,0.01104,0.01525,0.02442
20140807,0.00473,0.00523,0.0107,0.01497,0.02465
20140808,0.00454,0.00509,0.01053,0.01453,0.02395
20140811,0.00443,0.00518,0.01065,0.01469,0.0244
20140812,0.00431,0.00512,0.01062,0.01462,0.02431
20140813,0.00418,0.00508,0.01029,0.01433,0.0246
20140814,0.00465,0.00505,0.01016,0.01405,0.02414
20140815,0.00458,0.00505,0.00968,0.01355,0.02387
20140818,0.00474,0.00505,0.01013,0.01415,0.02366
20140819,0.00468,0.00502,0.01004,0.01391,0.02363
20140820,0.0046,0.00522,0.00986,0.01379,0.02412
20140821,0.00469,0.00524,0.00996,0.01384,0.02442
20140822,0.00493,0.00511,0.00987,0.01375,0.02394
20140825,0.00465,0.0051,0.00954,0.01319,0.02386
20140826,0.00482,0.00504,0.00944,0.01289,0.02387
20140827,0.00458,0.00497,0.00908,0.01248,0.02368
20140828,0.00431,0.00491,0.00883,0.01235,0.02341
20140829,0.00435,0.00497,0.00888,0.01254,0.02345
20140902,0.00472,0.00541,0.0093,0.0132,0.02393
20140903,0.00492,0.00534,0.00957,0.01341,0.02455
20140904,0.00499,0.00543,0.00965,0.01319,0.024
20140905,0.00481,0.00545,0.00934,0.01264,0.02468
20140908,0.00467,0.00538,0.00944,0.01267,0.02437
20140909,0.00531,0.00535,0.01002,0.01348,0.025
20140910,0.00521,0.00564,0.01,0.01374,0.02529
20140911,0.00518,0.00564,0.01004,0.01397,0.0252
20140912,0.00528,0.00577,0.01086,0.01442,0.02576
20140915,0.0051,0,0.01069,0.01428,0.02605
20140916,0.00515,0.00585,0.01065,0.0144,0.02556
20140917,0.00503,0.00567,0.01055,0.01411,0.02578
20140918,0.00517,0.00571,0.01085,0.01466,0.02625
20140919,0.00506,0.00563,0.01044,0.01393,0.02611
20140922,0.00489,0.00542,0.01019,0.01356,0.02562
20140924,0.00476,0.00534,0.0101,0.01336,0.02538
20140925,0.00472,0.00515,0.00979,0.01317,0.02544
20140926,0.00475,0.00525,0.00968,0.01308,0.02502
20140929,0.00484,0.00521,0.00965,0.01305,0.02499
20140930,0.00478,0.00533,0.00946,0.01292,0.02504
20141001,0.00447,0.00521,0.00906,0.01245,0.02475
20141002,0.00463,0.00526,0.00914,0.01266,0.02409
20141003,0.00478,0.0052,0.00932,0.0128,0.02441
20141006,0.0045,0.00519,0.00909,0.01254,0.0243
20141007,0.00459,0.00507,0.00907,0.01272,0.02418
20141008,0.00453,0.005,0.00904,0.01258,0.02364
20141009,0.00436,0.00496,0.00902,0.01236,0.02289
20141010,0.00446,0.00503,0.00893,0.01246,0.02304
20141014,0.00429,0.00494,0.0084,0.01206,0.0219
20141015,0.00397,0.00478,0.00767,0.01135,0.02162
20141016,0.00426,0.00486,0.00825,0.01266,0.02056
20141017,0.00454,0.00475,0.00865,0.01302,0.02172
20141020,0.00447,0.00485,0.00854,0.01308,0.0219
20141021,0.00454,0.00484,0.00875,0.01289,0.02211
20141022,0.00452,0.00486,0.00868,0.01283,0.02209
20141023,0.00451,0.00482,0.00894,0.01297,0.02246
20141024,0.00471,0.00467,0.00888,0.01296,0.02243
20141027,0.00486,0.00471,0.00868,0.01283,0.02262
20141028,0.00487,0.00466,0.00876,0.01276,0.02284
20141029,0.00491,0.00471,0.00896,0.01275,0.02291
20141030,0.00461,0.00478,0.00846,0.01227,0.02312
20141031,0.00461,0.00457,0.00841,0.01191,0.02332
20141103,0.00463,0,0.0086,0.01227,0.02325
20141104,0.00453,0.00445,0.00811,0.01172,0.02319
20141105,0.00451,0.00474,0.00826,0.01193,0.02366
20141106,0.00447,0.00479,0.0083,0.01188,0.02335
20141107,0.00437,0.0048,0.00825,0.01186,0.02389
20141110,0.00418,0.00462,0.00827,0.01186,0.02294
20141111,0.00411,0.0052,0.00831,0.01173,0.0236
20141112,0.00388,0.00533,0.00811,0.01164,0.02326
20141113,0.00386,0.00497,0.00801,0.01164,0.02354
20141114,0.00382,0.00484,0.00791,0.01144,0.02354
20141117,0.00389,0.00495,0.00798,0.01147,0.02292
20141118,0.00381,0.00498,0.00802,0.01145,0.02328
20141119,0.00401,0.00475,0.00846,0.01191,0.0234
20141120,0.00376,0.00464,0.00801,0.0115,0.02326
20141121,0.00376,0.0046,0.00771,0.01112,0.0234
20141124,0.00373,0,0.00783,0.01116,0.02331
20141125,0.00364,0.00452,0.00751,0.01074,0.02301
20141126,0.00345,0.00435,0.00736,0.01056,0.02252
20141201,0.00301,0.00441,0.00727,0.00984,0.02157
20141202,0.00303,0.00454,0.00747,0.01018,0.02246
20141203,0.00299,0.00434,0.00748,0.01024,0.02291
20141204,0.00301,0.00432,0.00771,0.01034,0.0228
20141205,0.00304,0.00435,0.00783,0.01036,0.02252
20141208,0.00304,0.00435,0.00717,0.00981,0.0231
20141209,0.00281,0.00419,0.00692,0.00973,0.02239
20141210,0.00273,0.00409,0.00683,0.00963,0.02208
20141211,0.00268,0.00405,0.00681,0.00952,0.02146
20141212,0.0027,0.00395,0.00626,0.00894,0.02116
20141215,0.00283,0.00377,0.00629,0.00905,0.02131
20141216,0.00274,0.00352,0.00604,0.00871,0.02047
20141217,0.00288,0.0037,0.00591,0.00872,0.02097
20141218,0.00273,0.00358,0.00614,0.00904,0.02176
20141219,0.00338,0.00352,0.00594,0.00898,0.02209
20141222,0.00359,0.0034,0.00604,0.00882,0.02185
20141223,0.00379,0,0.00595,0.00864,0.02172
20141229,0.00364,0.00317,0.00552,0.00834,0.02223
20141230,0.00368,0.0033,0.0054,0.00828,0.0219
20150105,0.0028,0.00325,0.00513,0.00794,0.02102
20150106,0.00221,0.00288,0.00453,0.00744,0.01968
20150107,0.00191,0.00299,0.00472,0.0078,0.01975
20150108,0.00201,0.00289,0.00512,0.00799,0.02004
20150109,0.00236,0.00282,0.00482,0.00781,0.01997
20150113,0.00205,0.00267,0.00477,0.00741,0.01876
20150114,0.00167,0.00256,0.00432,0.00657,0.01866
20150115,0.00069,0.00252,0.00415,0.00676,0.01813
20150116,0.00065,0.00241,0.00458,0.00646,0.01715
20150120,-0.00094,0.00219,0.00451,0.0064,0.01827
20150121,-0.00174,0.00252,0.00519,0.00687,0.01798
20150122,-0.00202,0.00316,0.00454,0.00615,0.01939
20150123,-0.00257,0.00247,0.00366,0.00537,0.0182
20150126,-0.00284,0.00226,0.00393,0.00575,0.01804
20150127,-0.00043,0.00262,0.00385,0.00579,0.01794
20150128,-3e-05,0.00295,0.00355,0.0058,0.01823
20150129,-0.00023,0.00294,0.00357,0.00591,0.01746
20150130,-0.00026,0.00286,0.00313,0.00557,0.01702
20150202,-0.00136,0.00289,0.0031,0.00554,0.01674
20150203,-0.00144,0.00364,0.00347,0.00574,0.01717
20150204,-0.00121,0.00381,0.00365,0.00593,0.01821
20150205,-0.0009,0.00366,0.00378,0.00588,0.018
20150206,-0.00058,0.00344,0.00374,0.00612,0.01818
20150209,-0.00062,0.00358,0.00354,0.00608,0.01922
20150210,0.00015,0.00395,0.0037,0.0065,0.02014
20150212,0.00033,0.00393,0.00325,0.00587,0.02033
20150213,0.00048,0.00418,0.00349,0.00591,0.02007
20150217,0.00088,0.00397,0.0037,0.00632,0.02028
20150218,0.00095,0.0041,0.00383,0.00641,0.02133
20150219,0.00054,0.00398,0.00381,0.00642,0.02092
20150220,0.00065,0.00391,0.00372,0.00618,0.02078
20150223,0.00109,0.00384,0.00366,0.00599,0.02112
20150224,0.001,0.00376,0.00374,0.0059,0.02075
20150225,0.00035,0.00341,0.00332,0.00543,0.01972
20150226,0.00026,0.00338,0.00302,0.00515,0.01939
20150227,0.00026,0.0034,0.00324,0.00527,0.02024
20150302,-0.00032,0.00345,0.00355,0.00573,0.02014
20150303,9e-05,0.00377,0.00365,0.006,0.021
20150304,0.0002,0.00411,0.00381,0.0061,0.02128
20150305,-0.00015,0.00409,0.00358,0.00593,0.02135
20150306,0,0.00388,0.004,0.0063,0.0211
20150309,-0.00035,0.00434,0.00308,0.00553,0.02215
20150310,-0.00074,0.00472,0.00238,0.00465,0.02158
20150311,-0.00091,0.00422,0.00204,0.00409,0.02151
20150312,-0.00061,0.00388,0.00248,0.00436,0.02088
20150313,-6e-05,0.00418,0.00259,0.00447,0.02107
20150316,-0.00034,0.00424,0.00278,0.00455,0.02093
20150317,-0.00059,0.0042,0.00281,0.00475,0.02051
20150318,-0.00069,0.00374,0.00195,0.00427,0.02026
20150319,-0.0004,0.00329,0.00188,0.00458,0.01937
20150320,-0.0006,0.00327,0.00185,0.00437,0.01956
20150323,-0.00049,0.00314,0.00219,0.00499,0.01916
20150324,-0.0007,0.00317,0.00234,0.00513,0.01903
20150325,-0.00057,0.00329,0.0022,0.00503,0.01864
20150326,-0.0004,0.00331,0.00219,0.00502,0.01925
20150327,-0.00033,0.0038,0.00209,0.00503,0.01984
20150330,-0.00052,0.00375,0.00214,0.00514,0.01965
20150331,-0.00042,0.004,0.00185,0.00476,0.01939
20150401,-0.00078,0.00379,0.00172,0.00457,0.01892
20150402,-0.00063,0.00344,0.00183,0.00475,0.01857
20150407,-0.00045,0.0036,0.00187,0.00469,0.01913
20150408,-0.00062,0.00364,0.00167,0.00448,0.01892
20150409,-0.00093,0.00357,0.00158,0.00451,0.0188
20150410,-0.00097,0.00344,0.00156,0.00437,0.01942
20150413,-0.00108,0.00343,0.00157,0.00435,0.01972
20150414,-0.00128,0.00327,0.0014,0.00412,0.01918
20150415,-0.00149,0.0033,0.00109,0.00359,0.01914
20150416,-0.00148,0.00329,0.00085,0.0036,0.01881
20150417,-0.00176,0.00309,0.00079,0.00369,0.01858
20150420,-0.00184,0.00313,0.00077,0.00367,0.01881
20150421,-0.00162,0.00312,0.00103,0.00369,0.01869
20150422,-0.00133,0.00306,0.0016,0.00407,0.01905
20150423,-0.00107,0.00317,0.00162,0.00414,0.01968
20150424,-0.00079,0.00292,0.00158,0.00418,0.01956
20150427,-0.00093,0.00307,0.00164,0.00424,0.01933
20150428,-0.00079,0.00303,0.00163,0.0042,0.01928
20150430,0.00017,0.00331,0.00364,0.0065,0.02034
20150504,0.00058,0.00367,0.00452,0.00709,0.02119
20150505,0.0009,0.00367,0.00518,0.00822,0.02142
20150507,0.00137,0.00436,0.00596,0.00898,0.02209
20150508,0.0007,0.00419,0.00545,0.00829,0.02178
20150511,0.00081,0.00396,0.00599,0.00887,0.02175
20150512,0.00109,0.00456,0.00681,0.00976,0.02335
20150513,0.00107,0.00461,0.00721,0.00958,0.02227
20150514,0.00113,0.00452,0.007,0.00976,0.02251
20150515,0.00056,0.00397,0.00639,0.0092,0.02192
20150518,0.0006,0.00381,0.00648,0.00948,0.02156
20150519,0.00018,0.00387,0.00612,0.00892,0.02214
20150520,0.00043,0.00397,0.00627,0.00898,0.02257
20150521,2e-05,0.00411,0.00635,0.00928,0.0223
20150522,0.00014,0.00419,0.00603,0.00896,0.02171
20150526,-2e-05,0.00422,0.00552,0.00864,0.0219
20150527,-0.00034,0.00392,0.00546,0.00863,0.02155
20150528,-0.00023,0.00403,0.00535,0.00849,0.02127
20150529,-0.00064,0.00396,0.00486,0.00811,0.02128
20150601,-0.0008,0.00403,0.00532,0.00824,0.02125
20150602,-0.0003,0.00411,0.00699,0.00979,0.02213
20150603,0.00054,0.00472,0.00876,0.01143,0.02291
20150604,0.00058,0.00497,0.00832,0.01133,0.02359
20150605,0.00098,0.00487,0.00849,0.01169,0.0235
20150608,0.00161,0.00492,0.0089,0.01217,0.02399
20150609,0.00208,0.00457,0.00954,0.01275,0.02386
20150610,0.00232,0.00501,0.0099,0.01326,0.02477
20150611,0.00163,0.00534,0.00899,0.0122,0.02462
20150612,0.00164,0.00506,0.00852,0.01233,0.02386
20150615,0.00122,0.00508,0.00825,0.01277,0.02352
20150616,0.0012,0.00502,0.00804,0.0126,0.02324
20150617,0.00128,0.00484,0.00814,0.01225,0.02331
20150618,0.00145,0.00444,0.00805,0.01187,0.02304
20150619,0.00143,0.00424,0.00762,0.01164,0.02317
20150622,0.00186,0.00429,0.00884,0.01241,0.02317
20150623,0.00186,0.00468,0.00866,0.01225,0.02389
20150624,0.00155,0.00467,0.00844,0.01216,0.02383
20150625,0.0014,0.00475,0.00863,0.01247,0.02398
20150626,0.00167,0.00474,0.00922,0.01294,0.02434
20150629,0.0011,0.00443,0.00802,0.0123,0.02369
20150630,0.00104,0.00458,0.0077,0.01198,0.02362
20150701,0.00123,0.00477,0.00824,0.01249,0.02418
20150702,0.00137,0.00513,0.00847,0.01321,0.02455
20150706,0.00089,0.00466,0.00771,0.01237,0.02316
20150707,-4e-05,0.00459,0.00637,0.0112,0.02226
20150708,-6e-05,0.00422,0.00684,0.01133,0.02224
20150709,7e-05,0.00448,0.0073,0.0116,0.02253
20150710,0.00091,0.00438,0.00896,0.01279,0.02365
20150713,0.00104,0.00447,0.00848,0.01255,0.02439
20150714,0.00096,0.00461,0.00843,0.01228,0.02427
20150715,0.00083,0.00454,0.00773,0.01157,0.02387
20150716,0.00093,0.00447,0.00792,0.01143,0.02376
20150717,0.00069,0.00428,0.0079,0.0109,0.02347
20150721,0.00044,0.00424,0.00779,0.01095,0.024
20150722,7e-05,0.00416,0.00747,0.01048,0.02324
20150723,2e-05,0.00418,0.00746,0.01047,0.02311
20150724,-0.00049,0.00415,0.007,0.00977,0.02275
20150727,-0.0005,0.00412,0.00695,0.0097,0.02239
20150728,-0.00025,0.00406,0.00692,0.00988,0.02261
20150729,-8e-05,0.00406,0.00713,0.01017,0.02279
20150730,-0.00029,0.00416,0.00655,0.00954,0.02309
20150731,-0.00036,0.00412,0.00648,0.00941,0.02259
20150803,-0.00062,0.00416,0.00634,0.00944,0.02194
20150804,-0.00081,0.00394,0.00636,0.00954,0.02173
20150805,-0.00067,0.00398,0.00752,0.01056,0.02221
20150806,-0.0009,0.00424,0.00707,0.01019,0.02272
20150807,-0.00125,0.00421,0.00658,0.00966,0.02218
20150810,-0.00123,0.00408,0.00698,0.01003,0.02209
20150811,-0.0016,0.00401,0.00629,0.00929,0.02168
20150812,-0.00196,0.00366,0.00605,0.00917,0.021
20150813,-0.0016,0.00386,0.00633,0.0095,0.02164
20150814,-0.00159,0.0038,0.00657,0.00973,0.02175
20150817,-0.00188,0.00395,0.00631,0.00949,0.0218
20150818,-0.00183,0.00377,0.0064,0.00981,0.02168
20150819,-0.00179,0.00377,0.00633,0.00981,0.02187
20150820,-0.00202,0.00362,0.00585,0.00935,0.02099
20150821,-0.00205,0.00358,0.00572,0.00959,0.02066
20150824,-0.00234,0.00352,0.00576,0.00963,0.01977
20150825,-0.00152,0.00374,0.00753,0.01117,0.02063
20150826,-0.00152,0.00375,0.00708,0.01068,0.02129
20150827,-0.00133,0.00388,0.00742,0.01096,0.02181
20150828,-0.00145,0.00386,0.00726,0.01068,0.02165
20150831,-0.00135,0.00381,0.00795,0.01117,0.02161
20150901,-0.00101,0.00369,0.00805,0.01155,0.02165
20150902,-0.00104,0.00396,0.00795,0.01145,0.0216
20150903,-0.00123,0.00403,0.00731,0.01079,0.02174
20150904,-0.00143,0.00374,0.00664,0.01016,0.02128
20150908,-0.00136,0.00366,0.00681,0.01023,0.02162
20150909,-0.0009,0.00367,0.00703,0.01032,0.02218
20150910,-0.00087,0.00356,0.00693,0.01013,0.02219
20150911,-0.0008,0.00353,0.00658,0.00989,0.02203
20150914,-0.00079,0.00363,0.0066,0.00983,0.02167
20150915,-1e-05,0.00375,0.00739,0.01067,0.02172
20150916,8e-05,0.00372,0.00779,0.01086,0.02281
20150917,0.00026,0.00365,0.00784,0.01092,0.02283
20150918,-0.00048,0.0034,0.00665,0.0097,0.02157
20150924,-0.00102,0.00332,0.00592,0.00898,0.02113
20150925,-0.00085,0.00328,0.00651,0.00965,0.0218
20150928,-0.00122,0.00349,0.00599,0.0094,0.02134
20150929,-0.00123,0.0034,0.00587,0.00921,0.02113
20150930,-0.00122,0.0035,0.0059,0.00903,0.02091
20151001,-0.00166,0.00334,0.00542,0.00859,0.02039
20151002,-0.00224,0.00327,0.00516,0.00811,0.02047
20151005,-0.00203,0.00316,0.00566,0.00856,0.02017
20151006,-0.00201,0.00325,0.00601,0.00887,0.02046
20151007,-0.00181,0.00333,0.00592,0.00898,0.02065
20151008,-0.00196,0.00333,0.00589,0.00873,0.02056
20151009,-0.00176,0.00328,0.00621,0.00899,0.02118
20151013,-0.00178,0.00322,0.00591,0.00884,0.02062
20151014,-0.00204,0.00314,0.00546,0.00835,0.0204
20151015,-0.00198,0.0032,0.00556,0.00846,0.02
20151016,-0.0022,0.00321,0.00549,0.00832,0.02014
20151019,-0.00232,0.00327,0.00569,0.00848,0.0204
20151020,-0.00215,0.00318,0.0063,0.00911,0.02055
20151021,-0.00246,0.00321,0.00572,0.00931,0.02056
20151022,-0.00296,0.00315,0.00503,0.00858,0.02041
20151023,-0.00301,0.00307,0.00508,0.00852,0.02072
20151026,-0.00303,0.00317,0.005,0.00852,0.02074
20151027,-0.00342,0.00308,0.00445,0.00795,0.02041
20151028,-0.00328,0.003,0.00445,0.00793,0.02035
20151029,-0.00269,0.003,0.00538,0.00881,0.02106
20151030,-0.00272,0.00304,0.00523,0.00888,0.02173
20151102,-0.0027,0.00311,0.00563,0.00936,0.02175
20151104,-0.00273,0.00317,0.00604,0.00952,0.02209
20151105,-0.00292,0.00319,0.00612,0.0095,0.02249
20151106,-0.00275,0.0032,0.00697,0.0102,0.02229
20151109,-0.00285,0.00336,0.0067,0.01009,0.02344
20151110,-0.00317,0.00322,0.00622,0.00963,0.02327
20151111,-0.00278,0.00322,0.00612,0.00934,0.02338
20151112,-0.0028,0.00314,0.00607,0.00939,0.02326
20151113,-0.00308,0.0031,0.00562,0.00885,0.02305
20151116,-0.0031,0.00307,0.0053,0.00865,0.02259
20151117,-0.00311,0.00304,0.00531,0.00857,0.02285
20151118,-0.00321,0.00302,0.00508,0.00834,0.02285
20151119,-0.00314,0.00302,0.0048,0.00807,0.02261
20151120,-0.00324,0.00314,0.00479,0.00818,0.0225
20151124,-0.00329,0.00322,0.00513,0.00838,0.02217
20151125,-0.00375,0.00309,0.00476,0.00808,0.02232
20151127,-0.00379,0.00304,0.00455,0.00767,0.02208
20151130,-0.00389,0.00305,0.00475,0.00796,0.02232
20151201,-0.00389,0.00303,0.00469,0.00788,0.02229
20151202,-0.00404,0.00326,0.00468,0.00781,0.02173
20151203,-0.00271,0.00323,0.00669,0.00957,0.02206
20151204,-0.00243,0.00334,0.0069,0.01015,0.02314
20151207,-0.00285,0.0033,0.00585,0.00919,0.02284
20151208,-0.00265,0.0032,0.0057,0.00888,0.02209
20151209,-0.00236,0.00313,0.00607,0.00924,0.02248
20151210,-0.00209,0.00311,0.0057,0.00899,0.02216
20151211,-0.00217,0.00318,0.00543,0.00857,0.02201
20151214,-0.00189,0.00304,0.00565,0.00913,0.02152
20151215,-0.00128,0.00298,0.00653,0.01002,0.02239
20151216,-0.00127,0.003,0.0068,0.01008,0.02284
20151217,-0.00143,0.003,0.00601,0.00945,0.02253
20151218,-0.00164,0.00276,0.00551,0.00898,0.02199
20151221,-0.00149,0.00277,0.00554,0.009,0.02211
20151222,-0.00115,0.0028,0.00597,0.00951,0.02202
20151228,-0.00096,0.00275,0.00556,0.00918,0.02241
20151229,-0.00078,0.00272,0.00574,0.00993,0.02252
20151230,-0.00075,0.00272,0.00635,0.00982,0.0231
20151231,-0.00069,0.00272,0.00635,0.00993,0.02284
20160104,-0.00127,0.00269,0.00564,0.00938,0.0223
20160105,-0.00153,0.00262,0.00548,0.00922,0.02243
20160106,-0.00103,0.00256,0.00513,0.00877,0.02191
20160107,-0.0007,0.00249,0.00545,0.00939,0.02163
20160108,-0.00097,0.00235,0.00509,0.00884,0.02163
20160112,-0.00088,0.00228,0.0053,0.00925,0.02195
20160113,-0.00124,0.00212,0.00509,0.00891,0.02128
20160114,-0.00119,0.0023,0.00507,0.00897,0.02093
20160115,-0.00151,0.0023,0.00473,0.00855,0.02023
20160119,-0.00124,0.00219,0.00483,0.00874,0.02068
20160120,-0.00175,0.00217,0.00487,0.00831,0.01969
20160121,-0.00204,0.00229,0.00455,0.00777,0.01975
20160122,-0.00186,0.00235,0.00485,0.00802,0.02068
20160125,-0.00211,0.0023,0.00477,0.00789,0.02029
20160126,-0.00227,0.00226,0.00443,0.00753,0.01996
20160127,-0.00206,0.00222,0.00445,0.0076,0.02019
20160128,-0.00224,0.00226,0.00406,0.00729,0.02005
20160129,-0.00278,0.00114,0.00334,0.00654,0.01923
20160201,-0.00285,0.00069,0.0036,0.00679,0.0193
20160202,-0.00284,0.00085,0.00314,0.0065,0.01923
20160203,-0.00306,0.00069,0.00275,0.00615,0.01872
20160204,-0.00275,0.00065,0.00308,0.00641,0.01872
20160205,-0.0027,0.00039,0.00301,0.00643,0.01837
20160208,-0.00321,0.00042,0.00225,0.00607,0.01798
20160209,-0.00307,-3e-05,0.00239,0.00628,0.01736
20160210,-0.00267,0.00016,0.0025,0.0062,0.01762
20160212,-0.00267,0.00076,0.00265,0.00646,0.01674
20160216,-0.00305,0.00047,0.00262,0.00655,0.01786
20160217,-0.00291,0.00055,0.00275,0.0065,0.01804
20160218,-0.00313,0.00025,0.00214,0.00582,0.01821
20160219,-0.00321,0.00012,0.00205,0.00564,0.01745
20160222,-0.00358,2e-05,0.00179,0.0053,0.01774
20160223,-0.00362,2e-05,0.00185,0.00544,0.0178
20160224,-0.0041,-0.0004,0.00149,0.00516,0.01705
20160225,-0.00414,-0.00055,0.00137,0.00508,0.0174
20160226,-0.00416,-0.00059,0.00146,0.00515,0.01742
20160229,-0.00444,-0.00058,0.00108,0.00464,0.01752
20160301,-0.00434,-0.0006,0.0015,0.0051,0.01749
20160302,-0.00415,-0.00031,0.00213,0.00558,0.01851
20160303,-0.00413,-0.0001,0.00171,0.00551,0.01848
20160304,-0.00404,-0.00029,0.00239,0.00571,0.01836
20160307,-0.00394,-0.00043,0.00218,0.00544,0.01911
20160308,-0.00407,-0.00087,0.00179,0.00489,0.01846
20160309,-0.00325,-0.00016,0.00238,0.00539,0.01881
20160310,-0.00329,-0.00014,0.00297,0.00628,0.01871
20160311,-0.00329,-8e-05,0.0028,0.00527,0.01945
20160314,-0.00297,-0.00035,0.0028,0.00528,0.0197
20160315,-0.00276,-0.00015,0.00316,0.00572,0.0194
20160316,-0.00312,-0.00045,0.0031,0.00546,0.01961
20160317,-0.00284,-0.00044,0.00233,0.0049,0.01864
20160318,-0.00296,-0.00097,0.00218,0.0048,0.01889
20160322,-0.00327,-0.00095,0.0021,0.0048,0.01896
20160323,-0.00312,-0.00095,0.00198,0.00478,0.01935
20160324,-0.00333,-0.00083,0.00179,0.00453,0.0187
20160329,-0.00332,-0.00081,0.00141,0.00416,0.01872
20160330,-0.0034,-0.00087,0.00164,0.0042,0.01826
20160331,-0.00334,-0.00042,0.00156,0.00411,0.01819
20160401,-0.00336,-0.00063,0.00145,0.00391,0.01778
20160404,-0.0036,-0.0008,0.00128,0.00391,0.01765
20160405,-0.00363,-0.00063,0.00105,0.00365,0.01736
20160406,-0.00373,-0.00055,0.00116,0.00455,0.01739
20160407,-0.00387,-0.00053,0.00087,0.00444,0.01738
20160408,-0.00355,-0.00078,0.00097,0.00442,0.01713
20160411,-0.00361,-0.00079,0.00117,0.00471,0.01736
20160412,-0.00355,-0.00091,0.0016,0.0051,0.01757
20160413,-0.00343,-0.0008,0.00137,0.00486,0.01792
20160414,-0.00337,-0.00084,0.00163,0.00504,0.01795
20160415,-0.0035,-0.00105,0.00133,0.00474,0.01771
20160418,-0.00338,-0.00113,0.0017,0.00497,0.01743
20160419,-0.00329,-0.0012,0.00178,0.00527,0.01789
20160420,-0.00332,-0.0013,0.0015,0.0049,0.01778
20160421,-0.00282,-0.0011,0.00233,0.00552,0.01868
20160422,-0.00272,-0.00117,0.00232,0.00569,0.01872
20160425,-0.00246,-0.00071,0.00268,0.00603,0.01868
20160426,-0.00211,-0.00096,0.00302,0.00632,0.0192
20160427,-0.00236,-0.00059,0.0029,0.00638,0.01909
20160428,-0.00262,-0.00076,0.00249,0.00612,0.01844
20160429,-0.0025,-0.00074,0.00282,0.00651,0.01867
20160502,-0.00244,-0.00104,0.00275,0.00625,0.01816
20160506,-0.00296,-0.0011,0.00146,0.00524,0.01742
20160509,-0.00304,-0.00102,0.00131,0.00498,0.01774
20160510,-0.00311,-0.00086,0.00121,0.0048,0.01758
20160511,-0.00298,-0.00094,0.00126,0.00473,0.01765
20160512,-0.00304,-0.00105,0.00154,0.00511,0.01748
20160513,-0.00315,-0.00108,0.00129,0.00475,0.01731
20160517,-0.00312,-0.00109,0.00132,0.00474,0.0176
20160518,-0.00305,-0.00099,0.00163,0.00516,0.01781
20160519,-0.00311,-0.00073,0.00174,0.00511,0.01868
20160520,-0.00293,-0.00096,0.00171,0.00512,0.01866
20160523,-0.00293,-0.00095,0.00183,0.00524,0.01833
20160524,-0.00273,-0.00097,0.00176,0.00507,0.01846
20160525,-0.00293,-0.00095,0.00152,0.00477,0.01873
20160526,-0.00318,-0.00105,0.00144,0.00485,0.01861
20160527,-0.00316,-0.00112,0.00143,0.00481,0.01827
20160531,-0.00311,-0.00114,0.00147,0.00486,0.01874
20160601,-0.00391,-0.00114,0.00134,0.00479,0.0183
20160602,-0.00384,-0.00108,0.00112,0.00472,0.01839
20160603,-0.00399,-0.00098,0.00074,0.00423,0.01794
20160606,-0.00403,-0.00115,0.00086,0.00449,0.01721
20160607,-0.00432,-0.00117,0.00055,0.00414,0.01726
20160608,-0.00412,-0.00107,0.0006,0.00421,0.01716
20160609,-0.00436,-0.00122,0.00037,0.00387,0.01676
20160610,-0.00454,-0.00147,0.00021,0.00388,0.01658
20160613,-0.00473,-0.00158,0.0003,0.00416,0.01639
20160614,-0.00478,-0.00163,-1e-05,0.00419,0.01591
20160615,-0.00505,-0.00187,-0.00014,0.0041,0.0163
20160616,-0.00531,-0.00197,-0.00022,0.00405,0.01569
20160617,-0.00511,-0.00148,0.0002,0.00428,0.01598
20160620,-0.00428,-0.00144,0.00061,0.00435,0.01673
20160621,-0.00431,-0.00138,0.00047,0.00426,0.0168
20160622,-0.00399,-0.00138,0.00059,0.0043,0.01703
20160623,-0.00375,-0.00137,0.00099,0.00435,0.01739
20160624,-0.00457,-0.00191,-0.00052,0.00374,0.01526
20160627,-0.00512,-0.00194,-0.00109,0.00301,0.0147
20160628,-0.00511,-0.00221,-0.00118,0.00254,0.01478
20160629,-0.00516,-0.0023,-0.00126,0.00226,0.01465
20160630,-0.00566,-0.00225,-0.00127,0.00201,0.01504
20160701,-0.00584,-0.00248,-0.0013,0.00167,0.01429
20160705,-0.00602,-0.00246,-0.00181,0.00136,0.01402
20160706,-0.00602,-0.00265,-0.00179,0.00135,0.01336
20160707,-0.0058,-0.00272,-0.00166,0.00148,0.01393
20160708,-0.00596,-0.0028,-0.00184,0.00107,0.0139
20160711,-0.00628,-0.00273,-0.00167,0.0013,0.01407
20160712,-0.00601,-0.00271,-0.00093,0.00189,0.01474
20160713,-0.00591,-0.00275,-0.00142,0.00148,0.01476
20160714,-0.00555,-0.00262,-0.00129,0.00186,0.0152
20160715,-0.00557,-0.00227,7e-05,0.0023,0.01539
20160719,-0.00539,-0.00226,-0.00025,0.00216,0.01553
20160720,-0.00534,-0.00233,-0.0001,0.00227,0.01568
20160721,-0.0051,-0.00228,-0.00016,0.00221,0.01601
20160722,-0.00506,-0.00224,-0.00029,0.00219,0.01585
20160725,-0.00518,-0.00237,-0.0004,0.00191,0.01584
20160726,-0.00529,-0.00248,-0.00028,0.002,0.01559
20160727,-0.00542,-0.00291,-0.00078,0.00144,0.0157
20160728,-0.00557,-0.00271,-0.0009,0.00138,0.01525
20160729,-0.00577,-0.00167,-0.0012,0.00112,0.01525
20160801,-0.00562,-0.00133,-0.00096,0.0013,0.01494
20160802,-0.00522,-0.00053,-0.00035,0.00186,0.01552
20160803,-0.00518,-0.00081,-0.00038,0.00195,0.01547
20160804,-0.00535,-0.00077,-0.00094,0.0013,0.01521
20160805,-0.00523,-0.00088,-0.00067,0.00161,0.01499
20160808,-0.0053,-0.00048,-0.00066,0.0016,0.01599
20160809,-0.00511,-0.00081,-0.00076,0.00137,0.01594
20160810,-0.00535,-0.00099,-0.00108,0.00107,0.01532
20160812,-0.00552,-0.00101,-0.00107,0.00112,0.01537
20160815,-0.00524,-0.00079,-0.00073,0.00148,0.0152
20160816,-0.00479,-0.00093,-0.00029,0.00193,0.01529
20160817,-0.00498,-0.00075,-0.00049,0.0017,0.01581
20160818,-0.00506,-0.00076,-0.00082,0.00142,0.01549
20160819,-0.00488,-0.00083,-0.00034,0.00181,0.01556
20160822,-0.005,-0.00069,-0.00088,0.00144,0.01568
20160823,-0.00518,-0.00086,-0.00093,0.00139,0.01556
20160824,-0.00524,-0.00077,-0.00089,0.00149,0.01549
20160825,-0.00516,-0.00083,-0.00069,0.00161,0.01559
20160826,-0.00516,-0.00068,-0.00071,0.00146,0.01566
20160829,-0.00498,-0.00065,-0.00081,0.0016,0.01618
20160830,-0.00499,-0.00071,-0.00091,0.00147,0.0157
20160831,-0.00481,-0.00068,-0.00065,0.00162,0.01575
20160901,-0.00471,-0.00052,-0.00066,0.00182,0.01594
20160902,-0.00464,-0.0002,-0.00042,0.00201,0.01582
20160906,-0.00507,-0.00017,-0.00109,0.00124,0.01604
20160907,-0.00512,-0.00049,-0.00116,0.00101,0.01534
20160908,-0.00505,-0.00034,-0.00062,0.00152,0.01551
20160909,-0.00443,-0.00013,0.00012,0.00237,0.01656
20160912,-0.00385,-8e-05,0.00037,0.00267,0.01687
20160913,-0.00384,-0.00013,0.00072,0.00268,0.01663
20160914,-0.00386,-0.00013,0.00022,0.00257,0.01712
20160915,-0.00359,-0.00036,0.00034,0.00269,0.01682
20160916,-0.00404,-0.00034,7e-05,0.00235,0.0167
20160920,-0.0043,-0.00053,-0.00017,0.00214,0.01686
20160921,-0.00435,-0.00023,3e-05,0.00232,0.01684
20160923,-0.0048,-0.00048,-0.00081,0.00151,0.01618
20160926,-0.00508,-0.00052,-0.00115,0.00129,0.01599
20160927,-0.00548,-0.00074,-0.00138,0.00097,0.01562
20160928,-0.00549,-0.00087,-0.00145,0.00099,0.01572
20160929,-0.00559,-0.00082,-0.00117,0.00125,0.01584
20160930,-0.00571,-0.00078,-0.0012,0.00119,0.01548
20161003,-0.00558,-0.00067,-0.00094,0.00148,0.016
20161004,-0.00535,-0.00065,-0.00053,0.00169,0.01624
20161005,-0.00488,-0.00059,-3e-05,0.00259,0.01686
20161006,-0.00512,-0.00057,-0.00017,0.00307,0.01714
20161007,-0.00513,-0.00062,0.00021,0.00313,0.01741
20161011,-0.00514,-0.00048,0.00025,0.00326,0.01771
20161012,-0.00486,-0.00057,0.00068,0.00365,0.01799
20161013,-0.00504,-0.00059,0.0004,0.00324,0.01755
20161014,-0.00478,-0.00054,0.00059,0.0034,0.01778
20161017,-0.00466,-0.00055,0.00056,0.00344,0.01789
20161018,-0.00488,-0.0005,0.00037,0.00323,0.0177
20161019,-0.00499,-0.00055,0.00031,0.00319,0.01756
20161020,-0.00505,-0.00061,0,0.00288,0.01749
20161021,-0.00495,-0.00059,4e-05,0.00283,0.01751
20161024,-0.00501,-0.00053,0.00027,0.00299,0.01737
20161025,-0.00496,-0.00064,0.00031,0.00296,0.01774
20161026,-0.00451,-0.00065,0.00085,0.00373,0.01781
20161027,-0.00387,-0.00055,0.0017,0.00479,0.0182
20161028,-0.00403,-0.00044,0.00168,0.00475,0.01865
20161031,-0.00396,-0.00049,0.00163,0.00479,0.0184
20161101,-0.0035,-0.00048,0.0018,0.0051,0.01847
20161102,-0.00365,-0.00058,0.00131,0.00447,0.01799
20161104,-0.00357,-0.0006,0.00135,0.00457,0.01798
20161107,-0.00323,-0.00051,0.00155,0.00461,0.01817
20161108,-0.00334,-0.00064,0.00188,0.00482,0.01823
20161109,-0.00322,-0.00077,0.00204,0.00499,0.01957
20161110,-0.00216,-0.00043,0.00275,0.00687,0.02117
20161114,-0.00106,-0.00013,0.00319,0.00837,0.02238
20161115,-0.00127,6e-05,0.00308,0.00732,0.02215
20161116,-0.00116,0.00023,0.00298,0.00753,0.02279
20161117,-0.00109,0.0001,0.00278,0.0075,0.02223
20161118,-0.00113,0.0004,0.00272,0.00752,0.0228
20161121,-0.00165,0.00028,0.00274,0.00741,0.02315
20161122,-0.00187,0.0003,0.00221,0.00719,0.02298
20161125,-0.00165,0.00037,0.00241,0.0078,0.02379
20161128,-0.00206,0.00017,0.00205,0.00769,0.02325
20161129,-0.00175,0.00014,0.00221,0.0071,0.02327
20161130,-0.00175,0.0002,0.00274,0.00736,0.02359
20161201,-0.00103,0.00025,0.00367,0.00787,0.02414
20161202,-0.00151,0.0004,0.0028,0.00729,0.02427
20161205,-0.00112,0.0003,0.00332,0.00818,0.02423
20161206,-0.00102,0.00052,0.00368,0.00799,0.02385
20161207,-0.0011,0.00037,0.00345,0.00754,0.02371
20161208,-0.00086,0.00047,0.00382,0.00831,0.02393
20161209,-0.00092,0.00056,0.00366,0.00814,0.02413
20161212,-0.00048,0.00072,0.00399,0.00885,0.02512
20161213,-0.00078,0.00087,0.00359,0.00802,0.02449
20161214,-0.00107,0.00062,0.00301,0.00733,0.02444
20161215,-0.00077,0.00083,0.00364,0.00799,0.02619
20161216,-0.00099,0.0008,0.00315,0.00793,0.02568
20161219,-0.00119,0.0008,0.00247,0.00724,0.02564
20161220,-0.0011,0.00069,0.00268,0.00714,0.02566
20161221,-0.00113,0.00062,0.00246,0.00705,0.02566
20161222,-0.00151,0.00055,0.00261,0.0073,0.02552
20161227,-0.00181,0.00063,0.00207,0.00684,0.02552
20161228,-0.00182,0.0006,0.00196,0.00692,0.0256
20161229,-0.00229,0.00044,0.00176,0.00653,0.02486
20161230,-0.00206,0.00049,0.00208,0.00683,0.02474
20170104,-0.00187,0.00065,0.00276,0.00809,0.02456
20170105,-0.002,0.00059,0.00244,0.00817,0.02439
20170106,-0.00185,0.00056,0.00299,0.00835,0.02339
20170110,-0.0023,0.00058,0.00286,0.00805,0.0239
20170111,-0.0017,0.0006,0.00251,0.00786,0.02372
20170112,-0.00186,0.00049,0.00314,0.00781,0.02336
20170113,-0.0016,0.0005,0.0034,0.00811,0.02336
20170117,-0.00166,0.00049,0.00319,0.00791,0.02333
20170118,-0.00139,0.00055,0.00357,0.00822,0.02362
20170119,-0.00089,0.00075,0.00381,0.00857,0.02435
20170120,-0.00084,0.00066,0.00423,0.00897,0.02498
20170123,-0.00108,0.00057,0.00364,0.00864,0.02458
20170124,-0.00104,0.00045,0.00409,0.00872,0.02436
20170125,-0.00067,0.0007,0.00465,0.00974,0.02482
20170126,-0.00048,0.00088,0.00484,0.01043,0.02538
20170127,-0.0007,0.0008,0.00463,0.01043,0.02521
20170130,-0.00088,0.00083,0.0045,0.01052,0.0249
20170131,-0.00067,0.00088,0.00437,0.01028,0.02485
20170201,-0.00029,0.00094,0.00469,0.01089,0.02487
20170202,-0.00053,0.00105,0.00426,0.0104,0.02455
20170203,-0.00073,0.00098,0.00412,0.01069,0.02483
20170206,-0.00089,0.00102,0.0037,0.01144,0.02422
20170207,-0.00092,0.001,0.00351,0.01103,0.02423
20170208,-0.00132,0.00096,0.00296,0.01018,0.02366
20170209,-0.0014,0.00085,0.00313,0.00981,0.02352
20170210,-0.00127,0.00087,0.00314,0.01043,0.02411
20170213,-0.00122,0.00091,0.00332,0.01034,0.02436
20170214,-0.00092,0.00095,0.00367,0.01059,0.02441
20170215,-0.00103,0.00091,0.00374,0.01071,0.02484
20170216,-0.00123,0.00095,0.00351,0.01019,0.02475
20170217,-0.00155,0.00092,0.00302,0.01043,0.02406
20170221,-0.00134,0.00095,0.00301,0.01087,0.02456
20170222,-0.00168,0.00085,0.00279,0.01046,0.02408
20170223,-0.00187,0.00076,0.00232,0.00999,0.02399
20170224,-0.00212,0.00061,0.00182,0.00919,0.02353
20170227,-0.00216,0.0005,0.00199,0.009,0.02331
20170228,-0.0024,0.00053,0.00208,0.00882,0.02356
20170301,-0.00203,0.00062,0.00282,0.00933,0.02435
20170302,-0.00177,0.00069,0.00325,0.0092,0.02482
20170303,-0.00132,0.00076,0.00355,0.00961,0.02494
20170306,-0.00127,0.00076,0.0034,0.00969,0.02471
20170307,-0.00135,0.0007,0.0032,0.0097,0.02511
20170308,-0.0008,0.00076,0.00369,0.01034,0.02567
20170309,-0.00027,0.00092,0.00425,0.01066,0.02563
20170310,0.00032,0.0009,0.00484,0.01114,0.02613
20170313,0.00023,0.00091,0.00472,0.01093,0.02578
20170314,1e-05,0.00089,0.00448,0.011,0.02608
20170315,-0.00053,0.00096,0.00414,0.01039,0.02577
20170316,-0.00031,0.00076,0.00449,0.01092,0.02522
20170317,-0.00024,0.00076,0.00436,0.011,0.02522
20170321,-6e-05,0.00065,0.00459,0.01096,0.02493
20170322,-0.00025,0.00058,0.00407,0.01049,0.02419
20170323,-0.00021,0.00056,0.00431,0.0104,0.02412
20170324,-0.00029,0.00064,0.00406,0.01005,0.02416
20170327,-0.00044,0.00059,0.00405,0.00986,0.02359
20170328,-0.00067,0.00061,0.00389,0.00942,0.02366
20170329,-0.00124,0.00058,0.00346,0.00933,0.02403
20170330,-0.00104,0.00063,0.00342,0.00942,0.02382
20170331,-0.00107,0.00071,0.00331,0.00965,0.02414
20170403,-0.00118,0.00075,0.00279,0.00951,0.0238
20170404,-0.00136,0.00065,0.00262,0.00918,0.02325
20170405,-0.00142,0.00065,0.0026,0.00932,0.02377
20170406,-0.0014,0.00063,0.00263,0.00901,0.02348
20170407,-0.00158,0.0005,0.00228,0.00881,0.02314
20170410,-0.00175,0.00051,0.00209,0.00939,0.0239
20170411,-0.00168,0.0004,0.00206,0.00952,0.02343
20170412,-0.00177,0.00022,0.00202,0.00916,0.02293
20170413,-0.0019,0.00024,0.00189,0.00904,0.02239
20170417,-0.00181,7e-05,0.00188,0.00922,0.0222
20170418,-0.00214,0.00014,0.00154,0.00902,0.02223
20170419,-0.00211,5e-05,0.00207,0.00896,0.02209
20170420,-0.00198,0.00015,0.00248,0.00865,0.02236
20170421,-0.00215,0.00016,0.00253,0.00883,0.02239
20170424,-0.00135,0.00023,0.00332,0.00771,0.02313
20170425,-0.00101,0.00019,0.00378,0.00828,0.02305
20170426,-0.00097,0.00023,0.00358,0.00833,0.0234
20170427,-0.00122,0.00019,0.003,0.00759,0.02311
20170428,-0.00123,0.00016,0.00324,0.00763,0.02313
20170502,-0.00128,0.00021,0.00328,0.00752,0.02338
20170504,-0.0008,0.00019,0.00399,0.00763,0.02341
20170508,-0.00067,0.0003,0.00419,0.0077,0.02333
20170509,-0.00038,0.00035,0.00431,0.00802,0.02389
20170510,-0.00044,0.00043,0.0042,0.00769,0.02381
20170511,-0.00042,0.00052,0.00431,0.00876,0.02394
20170512,-0.00061,0.00044,0.00394,0.00841,0.02379
20170515,-0.00061,0.00041,0.00419,0.0089,0.02342
20170516,-0.00057,0.00045,0.00431,0.00875,0.02354
20170517,-0.00097,0.00044,0.00378,0.00836,0.02287
20170518,-0.00118,0.00046,0.00343,0.00809,0.02196
20170519,-0.00112,0.00039,0.00376,0.00813,0.02247
20170522,-0.001,0.00048,0.00396,0.00844,0.02249
20170523,-0.00114,0.00047,0.00412,0.00836,0.02245
20170524,-0.00118,0.00049,0.00407,0.00844,0.02276
20170526,-0.00136,0.00036,0.00333,0.00763,0.02234
20170530,-0.00166,0.00039,0.00298,0.00729,0.02238
20170531,-0.00171,0.00045,0.00311,0.00716,0.0222
20170601,-0.00175,0.00044,0.00308,0.00738,0.02229
20170602,-0.00185,0.00054,0.00273,0.0071,0.02206
20170605,-0.0016,0.00051,0.00287,0.00724,0.02175
20170606,-0.00186,0.00046,0.00258,0.00672,0.02142
20170607,-0.00184,0.00048,0.00272,0.00684,0.02154
20170608,-0.00182,0.00071,0.00256,0.00653,0.02202
20170609,-0.00174,0.00056,0.00263,0.00652,0.02209
20170612,-0.00187,0.00061,0.00245,0.00601,0.02211
20170613,-0.00172,0.00066,0.00266,0.00609,0.02213
20170614,-0.00182,0.00066,0.00227,0.00582,0.022
20170615,-0.00161,0.00055,0.00286,0.00644,0.02152
20170616,-0.00154,0.00056,0.00277,0.00639,0.02174
20170619,-0.00147,0.00056,0.00283,0.00631,0.02146
20170620,-0.00152,0.00056,0.00259,0.00607,0.02174
20170621,-0.0015,0.00055,0.00264,0.00605,0.02167
20170622,-0.00168,0.00056,0.00254,0.00594,0.02158
20170623,-0.00161,0.00055,0.00256,0.00605,0.02155
20170626,-0.00167,0.00053,0.00244,0.00609,0.02144
20170627,-0.0013,0.00049,0.00368,0.00703,0.0217
20170628,-0.00095,0.00055,0.00368,0.0072,0.02209
20170629,-0.00066,0.00062,0.00451,0.00805,0.02279
20170630,-0.00027,0.00084,0.00465,0.0082,0.02265
20170705,-0.00044,0.00088,0.00469,0.00814,0.02336
20170706,7e-05,0.001,0.0056,0.00921,0.02373
20170707,5e-05,0.00092,0.00573,0.00938,0.02387
20170710,-8e-05,0.00094,0.00543,0.00915,0.02373
20170711,6e-05,0.00095,0.00552,0.00926,0.02387
20170712,0.00017,0.00089,0.00579,0.00865,0.02352
20170713,0.00021,0.0008,0.00604,0.00876,0.02332
20170714,0.00013,0.00079,0.00594,0.0086,0.02336
20170717,-2e-05,0.00075,0.00579,0.0084,0.02305
20170718,3e-05,0.0007,0.00554,0.00823,0.02293
20170719,-0.00019,0.00075,0.00541,0.00794,0.02271
20170720,2e-05,0.00074,0.00531,0.00794,0.02255
20170721,-0.0001,0.0007,0.00505,0.00751,0.02246
20170724,-2e-05,0.00069,0.00507,0.00741,0.02245
20170725,0.00036,0.0007,0.00563,0.00815,0.0228
20170726,0.00031,0.0008,0.00559,0.00813,0.02328
20170727,0.00027,0.00071,0.00535,0.00802,0.02307
20170728,0.00042,0.00074,0.00542,0.00822,0.02328
20170731,0.00036,0.00076,0.00533,0.00806,0.02294
20170802,-0.00012,0.00074,0.00488,0.00748,0.02271
20170803,-0.00049,0.00071,0.00451,0.00725,0.02243
20170804,-0.00064,0.00065,0.00471,0.00749,0.02232
20170807,-0.00069,0.00067,0.00458,0.00741,0.02276
20170808,-0.00074,0.00071,0.00472,0.00763,0.0226
20170809,-0.00126,0.0006,0.00425,0.00719,0.02225
20170810,-0.00145,0.00059,0.00414,0.0071,0.02241
20170814,-0.00156,0.00054,0.00405,0.00704,0.02219
20170815,-0.00104,0.00048,0.00432,0.0073,0.02261
20170816,-0.00085,0.00041,0.00445,0.00739,0.0228
20170817,-0.00101,0.00045,0.00423,0.00728,0.0224
20170818,-0.00121,0.00039,0.00416,0.00703,0.02184
20170821,-0.00137,0.00035,0.00404,0.00696,0.02178
20170822,-0.00139,0.0004,0.00402,0.00704,0.02206
20170823,-0.00147,0.00036,0.00377,0.0068,0.02196
20170824,-0.00149,0.00025,0.00375,0.00691,0.02185
20170825,-0.00135,0.00015,0.0038,0.00695,0.02196
20170828,-0.00143,0.0001,0.00374,0.0069,0.02176
20170829,-0.00156,5e-05,0.00343,0.00665,0.02112
20170830,-0.00136,7e-05,0.00359,0.00677,0.02143
20170831,-0.00141,6e-05,0.00359,0.00667,0.02143
20170901,-0.00123,0,0.00379,0.00693,0.02127
20170905,-0.00146,-3e-05,0.00335,0.00653,0.02138
20170906,-0.00152,0.00011,0.00347,0.00664,0.02075
20170907,-0.00167,0.00015,0.00305,0.00616,0.02084
20170908,-0.00168,-5e-05,0.00312,0.00622,0.02037
20170911,-0.00158,1e-05,0.00337,0.00633,0.02103
20170912,-0.00128,0.00023,0.00402,0.00692,0.02146
20170913,-0.00101,0.00024,0.00403,0.00694,0.02167
20170914,-0.00092,0.0004,0.00415,0.00694,0.02208
20170915,-0.00056,0.00022,0.00432,0.00719,0.02197
20170918,-0.00035,0.0003,0.00456,0.00741,0.02215
20170919,-0.00046,0.00031,0.0045,0.00721,0.0222
20170920,-0.0005,0.0003,0.00442,0.0072,0.02232
20170921,-0.00044,0.00029,0.00454,0.00741,0.02261
20170922,-0.00036,0.00024,0.00447,0.00733,0.02253
20170925,-0.00063,0.00024,0.00401,0.007,0.02243
20170926,-0.00036,0.00031,0.00407,0.00711,0.02225
20170927,-0.00012,0.00051,0.00466,0.00759,0.02287
20170928,-1e-05,0.00073,0.00476,0.00776,0.02332
20170929,-0.00011,0.00064,0.00464,0.00747,0.02312
20171002,-0.00026,0.00079,0.00453,0.0074,0.02341
20171003,5e-05,0.00079,0.00463,0.00752,0.02348
20171004,-8e-05,0.00055,0.00453,0.00746,0.02309
20171005,-0.00038,0.00048,0.00458,0.00735,0.02325
20171006,-0.00029,0.00054,0.0046,0.00743,0.02366
20171009,-0.00034,0.00059,0.00444,0.00876,0.02361
20171010,-0.00051,0.00057,0.00442,0.00868,0.02355
20171011,-0.0002,0.00063,0.00466,0.00881,0.02346
20171012,-0.00026,0.00066,0.00446,0.00862,0.02334
20171013,-0.00042,0.00065,0.00405,0.00825,0.02329
20171016,-0.00064,0.00063,0.0037,0.00793,0.02289
20171017,-0.00079,0.00069,0.00367,0.00779,0.02305
20171018,-0.00068,0.00068,0.00406,0.00802,0.02332
20171019,-0.00072,0.00065,0.00396,0.00808,0.02314
20171020,-0.0003,0.00073,0.00455,0.00862,0.02365
20171023,-0.00031,0.00071,0.00434,0.00848,0.02385
20171024,-0.00013,0.0007,0.00478,0.00886,0.02408
20171025,-3e-05,0.0007,0.00481,0.00893,0.0245
20171026,-0.00025,0.00069,0.00417,0.00859,0.02425
20171027,-0.00049,0.00071,0.00384,0.00797,0.02459
20171030,-0.00066,0.00069,0.00368,0.00767,0.02405
20171031,-0.00072,0.00065,0.00364,0.00759,0.0237
20171101,-0.00068,0.00063,0.0037,0.00769,0.02398
20171102,-0.00079,0.00056,0.00371,0.00757,0.02363
20171106,-0.00103,0.00029,0.00337,0.00735,0.02325
20171107,-0.0012,0.0003,0.0033,0.00692,0.02327
20171108,-0.00129,0.00024,0.00329,0.00689,0.02315
20171109,-0.001,0.0003,0.00374,0.00762,0.02333
20171110,-0.00069,0.0004,0.0041,0.00784,0.02368
20171113,-0.00084,0.00048,0.00418,0.00787,0.02382
20171114,-0.00092,0.00051,0.00398,0.00751,0.02388
20171115,-0.0009,0.00043,0.00376,0.00735,0.02335
20171116,-0.00097,0.00044,0.00375,0.00727,0.02358
20171117,-0.00123,0.00036,0.00362,0.00712,0.02367
20171120,-0.00127,0.00039,0.00362,0.00703,0.02336
20171121,-0.00138,0.00031,0.00352,0.00665,0.02358
20171122,-0.00138,0.00024,0.0035,0.0068,0.02368
20171127,-0.00138,0.00036,0.00343,0.00682,0.02333
20171128,-0.0012,0.00038,0.0034,0.00677,0.02328
20171129,-0.00108,0.00031,0.00387,0.00722,0.02363
20171130,-0.00114,0.00036,0.00367,0.00684,0.0239
20171201,-0.00145,0.00034,0.00307,0.00642,0.02383
20171204,-0.00135,0.0004,0.00344,0.00648,0.02396
20171205,-0.00152,0.00044,0.00317,0.00641,0.0239
20171206,-0.00167,0.00056,0.00296,0.00614,0.02333
20171207,-0.00169,0.00054,0.00295,0.00614,0.02339
20171208,-0.00158,0.00051,0.00309,0.00627,0.02381
20171211,-0.00175,0.00053,0.00293,0.0062,0.02362
20171212,-0.00149,0.00046,0.00318,0.00649,0.02392
20171213,-0.00152,0.0005,0.00314,0.00667,0.02426
20171214,-0.0017,0.00051,0.00311,0.00655,0.02367
20171215,-0.00169,0.00046,0.00302,0.00635,0.02358
20171218,-0.00177,0.0004,0.00308,0.00636,0.02373
20171219,-0.0016,0.00041,0.0038,0.00702,0.02409
20171220,-0.0008,0.00055,0.00404,0.00762,0.02483
20171221,-0.00076,0.0006,0.00417,0.00749,0.02486
20171222,-0.00058,0.00052,0.00422,0.00741,0.02485
20171227,-0.00081,0.00054,0.0038,0.00719,0.02467
20171228,-0.0007,0.00053,0.00423,0.00758,0.02432
20171229,-0.00069,0.0005,0.00427,0.00784,0.02434
20180103,-0.00104,0.00049,0.00439,0.00799,0.02451
20180104,-0.00094,0.00054,0.00433,0.00793,0.02473
20180105,-0.00097,0.00059,0.0044,0.00803,0.02465
20180108,-0.00094,0.00058,0.00434,0.00781,0.02471
20180109,-0.00075,0.00065,0.00466,0.00807,0.02491
20180110,-0.00048,0.00085,0.00473,0.00825,0.02584
20180111,-9e-05,0.00072,0.00518,0.00878,0.02564
20180112,6e-05,0.00074,0.00515,0.00867,0.02548
20180116,1e-05,0.0008,0.00559,0.00835,0.02539
20180117,-0.00019,0.00085,0.00562,0.00834,0.02561
20180118,-9e-05,0.0008,0.00571,0.00849,0.02613
20180119,4e-05,0.00079,0.00568,0.00849,0.02626
20180122,0.00031,0.00079,0.00567,0.0085,0.02658
20180123,0.00041,0.00074,0.0056,0.00842,0.02628
20180124,0.00051,0.00079,0.00585,0.00869,0.02652
20180125,0.0006,0.00084,0.00609,0.00894,0.02637
20180126,0.00071,0.00076,0.00626,0.00918,0.02636
20180129,0.00108,0.00084,0.00691,0.00976,0.0272
20180130,0.00104,0.00095,0.00685,0.00971,0.02711
20180131,0.00095,0.00084,0.00697,0.00978,0.02713
20180201,0.0012,0.00094,0.00721,0.00994,0.02743
20180202,0.00156,0.00085,0.00768,0.01011,0.02786
20180205,0.00159,0.00084,0.00735,0.01002,0.02834
20180206,0.00125,0.00076,0.00694,0.00961,0.02738
20180207,0.00156,0.00075,0.00744,0.0098,0.02787
20180208,0.00192,0.00079,0.00762,0.01021,0.02857
20180209,0.00176,0.00071,0.00747,0.00985,0.02831
20180212,0.00177,0.00068,0.00758,0.01001,0.02882
20180213,0.0019,0.00068,0.0075,0.0099,0.02844
20180214,0.00182,0.00065,0.0076,0.00999,0.02819
20180215,0.00177,0.00063,0.00765,0.01004,0.02917
20180216,0.00157,0.0006,0.00707,0.0095,0.02877
20180220,0.0016,0.00063,0.00737,0.01002,0.02902
20180221,0.00151,0.00056,0.00723,0.00993,0.02884
20180222,0.00135,0.00053,0.00708,0.0098,0.02921
20180223,0.00106,0.00051,0.00654,0.00925,0.02884
20180226,0.0009,0.00048,0.00653,0.00945,0.02841
20180227,0.00104,0.00045,0.00677,0.0096,0.0287
20180228,0.00079,0.00047,0.00654,0.00932,0.02881
20180301,0.00075,0.00042,0.00642,0.00906,0.02831
20180302,0.00074,0.00071,0.00647,0.00909,0.02817
20180305,0.0007,0.00045,0.00646,0.0089,0.02842
20180306,0.00105,0.00054,0.00676,0.00969,0.02894
20180307,0.00098,0.00052,0.00654,0.00907,0.02864
20180308,0.00099,0.00055,0.0063,0.0087,0.02885
20180309,0.00101,0.00051,0.00644,0.00901,0.02875
20180312,0.00102,0.00046,0.00635,0.00875,0.02899
20180313,0.00106,0.00051,0.0062,0.00864,0.02866
20180314,0.00097,0.00049,0.00592,0.00833,0.0285
20180315,0.00095,0.00045,0.00574,0.00825,0.02813
20180316,0.00075,0.00038,0.00571,0.00825,0.02823
20180319,0.00073,0.0004,0.00569,0.00829,0.02874
20180320,0.00098,0.00039,0.00584,0.00826,0.0287
20180321,0.00091,0.00037,0.00592,0.00841,0.02903
20180322,0.00045,0.00037,0.00529,0.00763,0.0285
20180323,0.00059,0.00023,0.00525,0.00763,0.02845
20180326,0.00071,0.00024,0.00522,0.00772,0.02854
20180327,0.00041,0.00033,0.00502,0.00739,0.02841
20180328,0.00029,0.00034,0.00503,0.00734,0.02772
20180329,0.00024,0.00039,0.00493,0.0072,0.02768
20180403,0.00018,0.00028,0.00502,0.00751,0.02759
20180404,-0.0001,0.00034,0.00502,0.00727,0.02757
20180405,0.0001,0.0004,0.00526,0.00755,0.02817
20180406,-6e-05,0.00041,0.005,0.00735,0.02819
20180409,1e-05,0.00037,0.00505,0.00741,0.0279
20180410,9e-05,0.00033,0.00516,0.00762,0.02799
20180411,4e-05,0.0003,0.00501,0.00738,0.02777
20180412,0.00012,0.00031,0.00515,0.00753,0.02792
20180413,0.00018,0.00036,0.00511,0.00737,0.02838
20180416,0.00033,0.00039,0.00524,0.0076,0.02864
20180417,0.00024,0.00041,0.00507,0.00738,0.02838
20180418,0.00048,0.00035,0.00532,0.00751,0.0284
20180419,0.00087,0.00039,0.00598,0.00819,0.02893
20180420,0.00116,0.0006,0.0059,0.0083,0.02917
20180423,0.00134,0.00059,0.00635,0.00843,0.02975
20180424,0.00148,0.00055,0.00629,0.00861,0.02975
20180425,0.00157,0.00061,0.00633,0.00859,0.03032
20180426,0.00125,0.0006,0.00595,0.00826,0.0299
20180427,0.00092,0.00056,0.0057,0.00807,0.02968
20180430,0.0009,0.00047,0.00562,0.00812,0.02955
20180502,0.00088,0.00044,0.00582,0.00804,0.02987
20180507,0.00034,0.00041,0.0053,0.00764,0.02953
20180508,0.00053,0.00048,0.00561,0.00806,0.02955
20180509,0.00053,0.0005,0.0056,0.00802,0.03002
20180510,0.00053,0.00049,0.00558,0.00793,0.02981
20180511,0.00072,0.00046,0.00559,0.00798,0.02962
20180514,0.00091,0.00048,0.00612,0.00842,0.02997
20180515,0.00127,0.00057,0.00647,0.00865,0.03026
20180516,0.00124,0.00057,0.00606,0.00854,0.03061
20180517,0.00137,0.00058,0.00637,0.00867,0.03106
20180518,0.00099,0.00059,0.00576,0.00834,0.03104
20180522,0.00093,0.00051,0.0056,0.00834,0.03074
20180523,0.00054,0.00045,0.00506,0.00807,0.03008
20180524,0.00037,0.00045,0.0047,0.00753,0.02994
20180525,1e-05,0.00042,0.00406,0.00718,0.02951
20180529,-0.00122,0.00036,0.00257,0.00662,0.02879
20180530,-0.00076,0.00027,0.0037,0.00704,0.02866
20180531,-0.00073,0.00037,0.0034,0.00673,0.02866
20180601,-0.00066,0.00044,0.00385,0.00699,0.029
20180604,-0.00019,0.00049,0.0042,0.00743,0.02911
20180605,-0.00035,0.00049,0.00387,0.00721,0.02911
20180606,0.00019,0.0005,0.00464,0.00825,0.02955
20180607,0.0005,0.00048,0.00478,0.00836,0.0299
20180608,0.00019,0.00047,0.00446,0.00826,0.02924
20180611,0.00062,0.00045,0.00494,0.00848,0.02963
20180612,0.00053,0.00049,0.0049,0.00891,0.0297
20180613,0.00036,0.0005,0.00484,0.00839,0.02957
20180614,-3e-05,0.00041,0.00431,0.00772,0.02939
20180615,-0.00029,0.00037,0.00403,0.00727,0.02926
20180618,-0.00032,0.00036,0.004,0.00729,0.02902
20180619,-0.00033,0.00032,0.00373,0.0071,0.02884
20180620,-0.00029,0.00034,0.00377,0.0071,0.029
20180621,-0.00035,0.00034,0.00334,0.00706,0.02926
20180622,-0.00043,0.00032,0.00336,0.00711,0.02913
20180625,-0.00035,0.00029,0.00327,0.00721,0.02882
20180626,-0.00019,0.00034,0.00342,0.00738,0.02869
20180627,-0.00037,0.00034,0.00324,0.00717,0.02866
20180628,-0.00062,0.00031,0.00319,0.007,0.02826
20180629,-0.00068,0.00031,0.00303,0.0067,0.02851
20180702,-0.00096,0.00026,0.00305,0.00659,0.02829
20180705,-0.00101,0.00034,0.00297,0.00641,0.02858
20180706,-0.00118,0.00031,0.00296,0.00639,0.02829
20180709,-0.00085,0.00035,0.00302,0.00646,0.02862
20180710,-0.00078,0.0004,0.00319,0.00654,0.02867
20180711,-0.00073,0.00041,0.00311,0.00651,0.02844
20180712,-0.00077,0.0004,0.00296,0.00638,0.02864
20180713,-0.0006,0.00045,0.00284,0.00623,0.02844
20180716,-0.00031,0.00042,0.00304,0.0066,0.02858
20180717,-0.00036,0.00041,0.00346,0.00635,0.02851
20180718,-0.00061,0.00044,0.00343,0.00628,0.02851
20180719,-0.00072,0.00041,0.00332,0.00631,0.02882
20180720,-0.00051,0.00036,0.00373,0.00677,0.02855
20180723,-0.00039,0.00085,0.00408,0.00709,0.02888
20180724,-0.00043,0.00085,0.00398,0.00697,0.02958
20180725,-0.00053,0.0007,0.00396,0.00689,0.02939
20180726,-0.00051,0.00089,0.00407,0.00704,0.02967
20180727,-0.00041,0.00099,0.00405,0.00709,0.02978
20180730,4e-05,0.00102,0.00447,0.00756,0.02986
20180731,-5e-05,0.00056,0.00445,0.00734,0.02954
20180801,-5e-05,0.00122,0.00478,0.00789,0.02992
20180802,-6e-05,0.0012,0.00461,0.00788,0.02984
20180803,-0.00032,0.00111,0.0041,0.00739,0.02979
20180806,-0.00041,0.00107,0.00392,0.00714,0.0296
20180807,-0.00029,0.00109,0.0041,0.00734,0.02954
20180808,-0.00046,0.00111,0.00399,0.00733,0.02977
20180809,-0.00054,0.00115,0.00377,0.00709,0.02953
20180810,-0.00106,0.00104,0.00321,0.00673,0.0289
20180813,-0.00104,0.00097,0.00313,0.00686,0.02864
20180814,-0.00095,0.00106,0.00328,0.00686,0.02893
20180815,-0.00126,0.00095,0.00305,0.00663,0.0287
20180816,-0.00104,0.001,0.0032,0.00675,0.02873
20180817,-0.00129,0.00095,0.00306,0.00663,0.02859
20180820,-0.00124,0.00095,0.00306,0.00657,0.02853
20180821,-0.00116,0.00092,0.00335,0.00674,0.02844
20180822,-0.00118,0.00095,0.00345,0.00698,0.02819
20180823,-0.00105,0.00094,0.00341,0.00687,0.02821
20180824,-0.00105,0.001,0.00344,0.00687,0.02832
20180827,-0.00096,0.00096,0.00378,0.00717,0.0283
20180828,-0.00095,0.00096,0.00381,0.00722,0.02853
20180829,-0.00082,0.001,0.00406,0.00737,0.02873
20180830,-0.001,0.00111,0.00346,0.00697,0.02877
20180831,-0.00098,0.00103,0.00331,0.00691,0.02842
20180904,-0.00086,0.00115,0.0036,0.00691,0.02869
20180905,-0.00072,0.00114,0.00382,0.00725,0.02888
20180906,-0.0008,0.00109,0.00356,0.007,0.02908
20180907,-0.00065,0.00111,0.00391,0.00721,0.02889
20180910,-0.00052,0.00114,0.00403,0.00713,0.02942
20180911,-0.00028,0.00109,0.0043,0.00738,0.02953
20180912,-0.00043,0.00109,0.00409,0.00718,0.02966
20180913,-0.00035,0.00111,0.00424,0.00733,0.02981
20180914,-0.00015,0.00111,0.00445,0.00769,0.02989
20180917,-2e-05,0.00116,0.00458,0.00773,0.0302
20180918,0.00017,0.00115,0.00482,0.00793,0.03007
20180919,0.00027,0.0012,0.00489,0.00805,0.03044
20180920,0.00017,0.00118,0.00472,0.00795,0.03092
20180921,8e-05,0.00131,0.00461,0.0078,0.03068
20180924,0.00039,0.00129,0.00509,0.00829,0.03076
20180925,0.00066,0.00132,0.00542,0.00866,0.03098
20180926,0.00065,0.00125,0.00524,0.00851,0.03085
20180927,0.00064,0.0012,0.00527,0.00845,0.03056
20180928,0.00041,0.00126,0.00472,0.0081,0.03031
20181001,0.00043,0.00132,0.00475,0.00822,0.03086
20181002,0.00018,0.00128,0.00423,0.0078,0.03069
20181003,0.00037,0.0014,0.00476,0.00817,0.03086
20181004,0.00076,0.00159,0.0053,0.00875,0.032
20181005,0.00082,0.00149,0.00577,0.00897,0.03204
20181008,0.00074,0.00151,0.00527,0.00885,0.03233
20181009,0.00099,0.00158,0.00551,0.00885,0.03239
20181010,0.00106,0.00154,0.00555,0.00904,0.03227
20181011,0.0009,0.00145,0.00521,0.0088,0.03189
20181012,0.00084,0.00149,0.00498,0.00872,0.03167
20181015,0.00075,0.00144,0.00499,0.00867,0.03161
20181016,0.00064,0.00149,0.00491,0.00844,0.03173
20181017,0.00038,0.00146,0.00463,0.0082,0.03158
20181018,0.00021,0.00151,0.00414,0.00823,0.03207
20181019,0.00023,0.00149,0.00459,0.00828,0.03194
20181022,0.00035,0.00151,0.00449,0.00825,0.0319
20181023,3e-05,0.00146,0.0041,0.00785,0.03149
20181024,-3e-05,0.00135,0.00395,0.00771,0.03145
20181025,-1e-05,0.00114,0.00399,0.0077,0.03143
20181026,-0.00035,0.0011,0.00357,0.0073,0.03089
20181029,-0.00028,0.0011,0.00381,0.00746,0.03094
20181030,-0.00024,0.00116,0.00369,0.00743,0.03117
20181031,-0.00011,0.00126,0.00386,0.00756,0.03149
20181101,-3e-05,0.00125,0.004,0.00757,0.03164
20181102,0.00015,0.00128,0.00426,0.00791,0.03155
20181105,8e-05,0.00129,0.00425,0.00794,0.03203
20181106,0.00015,0.00131,0.00432,0.00803,0.03193
20181107,0.00019,0.00124,0.00447,0.00809,0.032
20181108,0.00028,0.00125,0.00459,0.00825,0.03219
20181109,6e-05,0.00121,0.00407,0.00791,0.03213
20181112,-4e-05,0.00119,0.004,0.00776,0.03186
20181113,6e-05,0.00114,0.0041,0.00787,0.03167
20181114,2e-05,0.00112,0.00399,0.0078,0.03147
20181115,-0.0003,0.0011,0.0036,0.00756,0.03101
20181116,-0.00025,0.00105,0.00367,0.00766,0.03101
20181119,-0.00028,0.00092,0.00372,0.00785,0.03085
20181120,-0.00045,0.00101,0.0035,0.00757,0.03041
20181121,-0.00044,0.00095,0.00377,0.00765,0.03077
20181126,-0.00058,0.00088,0.00362,0.00738,0.03063
20181127,-0.00075,0.00088,0.00351,0.00727,0.03057
20181128,-0.00058,0.001,0.00348,0.00729,0.03066
20181129,-0.00089,0.00081,0.00321,0.00699,0.03013
20181130,-0.00095,0.00086,0.00315,0.00685,0.03015
20181203,-0.00107,0.00082,0.00305,0.00692,0.03041
20181204,-0.00148,0.0007,0.00262,0.00669,0.02966
20181206,-0.00165,0.00053,0.00236,0.00659,0.02888
20181207,-0.00143,0.00056,0.00251,0.00686,0.02895
20181210,-0.00151,0.0004,0.00246,0.00693,0.02861
20181211,-0.00088,0.00045,0.00233,0.00712,0.02877
20181212,-0.00053,0.00051,0.00277,0.0073,0.02893
20181213,-0.00062,0.00055,0.00285,0.00738,0.0291
20181214,-0.00085,0.00035,0.00256,0.00711,0.02886
20181217,-0.00088,0.00031,0.00257,0.00735,0.02884
20181218,-0.00112,0.00026,0.00243,0.00714,0.02832
20181219,-0.00123,0.00035,0.00241,0.00707,0.02817
20181220,-0.00166,0.00031,0.00232,0.00677,0.02765
20181221,-0.00134,0.00042,0.0025,0.00702,0.0279
20181227,-0.00162,0.00022,0.00225,0.00692,0.02768
20181228,-0.00168,2e-05,0.00234,0.0071,0.02761
20190103,-0.00204,-0.00037,0.00152,0.00656,0.02654
20190104,-0.00143,-0.00037,0.00206,0.00695,0.02599
20190107,-0.00182,-0.00015,0.00221,0.00722,0.02634
20190108,-0.00152,1e-05,0.00226,0.00737,0.02701
20190109,-0.00153,0.00031,0.00219,0.00713,0.02748
20190110,-0.00142,0.00025,0.00197,0.00677,0.02706
20190111,-0.00146,0.00015,0.00183,0.00664,0.0271
20190114,-0.00155,9e-05,0.00233,0.00642,0.02672
20190115,-0.00157,0.00011,0.00208,0.00624,0.02699
20190116,-0.00139,5e-05,0.00224,0.00634,0.02734
20190117,-0.00137,5e-05,0.00243,0.00647,0.02711
20190118,-0.00142,0.0001,0.00263,0.00659,0.02764
20190122,-0.00153,1e-05,0.00235,0.00643,0.02755
20190123,-0.00155,5e-05,0.00224,0.00635,0.02773
20190124,-0.00197,0.0001,0.0018,0.00585,0.02714
20190125,-0.00182,0,0.00192,0.006,0.02741
20190128,-0.002,0,0.00205,0.00608,0.02762
20190129,-0.002,1e-05,0.00199,0.0061,0.02739
20190130,-0.002,5e-05,0.00189,0.00595,0.02729
20190131,-0.00233,0,0.00149,0.00558,0.02674
20190201,-0.00236,-0.00021,0.00166,0.00572,0.02631
20190204,-0.00213,-0.00013,0.00176,0.00584,0.02697
20190205,-0.00216,-0.00013,0.0017,0.00579,0.02729
20190206,-0.00231,-0.00014,0.00162,0.00578,0.02691
20190207,-0.00276,-8e-05,0.00116,0.00554,0.02666
20190208,-0.00299,-0.00028,0.00088,0.00539,0.02639
20190211,-0.00279,-0.00024,0.00119,0.00571,0.02652
20190212,-0.00259,-0.00013,0.00132,0.00566,0.02682
20190213,-0.00242,-6e-05,0.00123,0.00553,0.02688
20190214,-0.0029,-0.00012,0.00105,0.00528,0.02686
20190215,-0.0029,-0.00019,0.00104,0.00537,0.02668
20190219,-0.00292,-0.00029,0.00105,0.00533,0.0267
20190220,-0.00296,-0.00034,0.00099,0.00528,0.02634
20190221,-0.00282,-0.00038,0.00129,0.00543,0.02675
20190222,-0.00294,-0.00038,0.00094,0.00516,0.02679
20190225,-0.00259,-0.00034,0.00109,0.00525,0.02681
20190226,-0.00296,-0.00027,0.00119,0.00524,0.02655
20190227,-0.00276,-0.00023,0.00148,0.0055,0.02632
20190228,-0.00242,-0.00023,0.00182,0.00575,0.0267
20190301,-0.00199,-0.00011,0.00184,0.00582,0.02737
20190304,-0.00244,2e-05,0.00164,0.00555,0.0275
20190305,-0.00223,3e-05,0.00167,0.0056,0.02742
20190306,-0.00247,-4e-05,0.00128,0.00512,0.02711
20190307,-0.00336,-7e-05,0.00066,0.00423,0.02679
20190308,-0.00322,-0.00032,0.00071,0.0041,0.02634
20190311,-0.00325,-0.00032,0.00067,0.00473,0.02645
20190312,-0.00333,-0.00033,0.00054,0.00476,0.02654
20190313,-0.00308,-0.00043,0.00063,0.00467,0.02621
20190314,-0.00296,-0.00042,0.00085,0.00471,0.02627
20190315,-0.00299,-0.00037,0.00083,0.00462,0.02623
20190318,-0.00322,-0.00036,0.00085,0.00454,0.02603
20190319,-0.00274,-0.00042,0.00101,0.00476,0.02611
20190320,-0.00335,-0.00037,0.00083,0.00458,0.026
20190321,-0.0037,-0.00055,0.00042,0.00402,0.025
20190322,-0.00426,-0.00066,-0.00012,0.00347,0.02471
20190325,-0.00326,-0.00082,-0.00028,0.0035,0.0246
20190326,-0.00368,-0.00062,-0.00015,0.00354,0.02448
20190327,-0.0042,-0.00067,-0.00081,0.00299,0.02379
20190328,-0.00406,-0.00093,-0.00071,0.00312,0.02375
20190329,-0.00373,-0.00092,-0.00071,0.00316,0.02421
20190401,-0.00338,-0.00077,-0.00027,0.00372,0.02442
20190402,-0.00344,-0.00063,-0.00049,0.00355,0.02474
20190403,-0.00288,-0.0005,8e-05,0.0039,0.02515
20190404,-0.00289,-0.00038,-6e-05,0.00369,0.02508
20190405,-0.00295,-0.00032,6e-05,0.00364,0.02537
20190408,-0.00287,-0.00046,6e-05,0.0036,0.02504
20190409,-0.00277,-0.00044,-9e-05,0.00346,0.02517
20190410,-0.00315,-0.00056,-0.00026,0.00317,0.02502
20190411,-0.00309,-0.00059,-8e-05,0.00332,0.02485
20190412,-0.00269,-0.00053,0.00057,0.00396,0.02542
20190415,-0.00255,-0.00033,0.00057,0.00422,0.02567
20190416,-0.00252,-0.00022,0.00065,0.00418,0.02574
20190417,-0.00238,-9e-05,0.00081,0.00426,0.02599
20190418,-0.00289,-0.00029,0.00023,0.00368,0.02563
20190423,-0.00271,-0.00029,0.0004,0.00398,0.02592
20190424,-0.00315,-0.00041,-0.00013,0.00348,0.02536
20190425,-0.00314,-0.00031,-9e-05,0.00371,0.02524
20190426,-0.00319,-0.00044,-0.00021,0.00352,0.02527
20190506,-0.00307,-0.00056,6e-05,0.00359,0.02491
20190507,-0.00343,-0.00053,-0.0004,0.0033,0.02478
20190508,-0.00304,-0.00052,-0.00046,0.00327,0.02439
20190509,-0.00347,-0.00049,-0.00048,0.00346,0.02444
20190510,-0.00342,-0.00048,-0.00044,0.00346,0.02446
20190513,-0.00357,-0.00047,-0.00072,0.00333,0.02423
20190514,-0.0037,-0.00049,-0.0007,0.00329,0.02414
20190515,-0.00388,-0.0005,-0.00099,0.00306,0.0237
20190516,-0.00375,-0.00062,-0.00092,0.00292,0.02382
20190517,-0.00386,-0.00057,-0.00103,0.00285,0.0237
20190520,-0.00379,-0.00044,-0.00088,0.00313,0.02386
20190521,-0.00362,-0.00048,-0.00058,0.0033,0.02428
20190522,-0.00382,-0.00053,-0.00083,0.00306,0.02412
20190523,-0.0041,-0.00059,-0.0012,0.00283,0.02361
20190524,-0.00425,-0.00068,-0.00116,0.00282,0.02315
20190528,-0.00445,-0.00072,-0.0016,0.00254,0.02299
20190529,-0.00463,-0.00094,-0.00176,0.00227,0.02231
20190531,-0.00468,-0.00098,-0.00203,0.00211,0.02161
20190603,-0.00486,-0.00091,-0.00201,0.00202,0.02112
20190604,-0.0047,-0.00103,-0.00208,0.00186,0.02126
20190605,-0.00492,-0.00125,-0.00227,0.00158,0.02097
20190606,-0.00487,-0.00119,-0.0024,0.00117,0.02105
20190607,-0.00505,-0.00114,-0.00257,0.00085,0.02105
20190611,-0.00473,-0.00112,-0.00233,0.00119,0.02171
20190612,-0.00459,-0.00113,-0.00237,0.00117,0.02122
20190613,-0.00467,-0.00113,-0.00242,0.00109,0.02112
20190614,-0.00479,-0.00127,-0.00256,0.00093,0.02075
20190617,-0.00469,-0.00124,-0.00245,0.0011,0.02094
20190618,-0.00535,-0.00129,-0.00317,0.00011,0.02035
20190619,-0.00498,-0.00134,-0.00289,0.00049,0.02084
20190620,-0.00529,-0.00164,-0.00316,0.00011,0.01994
20190621,-0.00486,-0.00164,-0.00284,0.00047,0.02026
20190624,-0.00511,-0.00155,-0.00306,0.00025,0.02032
20190625,-0.00529,-0.00154,-0.00331,-6e-05,0.02012
20190626,-0.00516,-0.00144,-0.00303,0.00019,0.02016
20190627,-0.0053,-0.00139,-0.0032,0,0.0204
20190628,-0.00535,-0.00159,-0.00328,-6e-05,0.02012
20190701,-0.00545,-0.00144,-0.00353,-0.00049,0.02026
20190702,-0.00554,-0.00143,-0.00368,-0.00058,0.02024
20190705,-0.00636,-0.00163,-0.00361,-0.00083,0.0197
20190708,-0.00631,-0.00148,-0.00366,-0.00069,0.0203
20190709,-0.00602,-0.00144,-0.00354,-0.00052,0.0206
20190710,-0.00556,-0.00124,-0.00306,-0.00015,0.02101
20190711,-0.00498,-0.00139,-0.00264,0.0002,0.02068
20190712,-0.00493,-0.00115,-0.00248,0.00063,0.02122
20190715,-0.00521,-0.0013,-0.00294,0.00013,0.02113
20190716,-0.00543,-0.00121,-0.00289,2e-05,0.02099
20190717,-0.00584,-0.00124,-0.00287,-0.00037,0.02092
20190718,-0.006,-0.00135,-0.0031,-0.00062,0.02059
20190719,-0.00606,-0.00134,-0.00322,-0.00072,0.02047
20190722,-0.00623,-0.00137,-0.00344,-0.00082,0.0205
20190723,-0.00638,-0.00144,-0.00353,-0.00089,0.02048
20190724,-0.00665,-0.00148,-0.00378,-0.00114,0.02052
20190725,-0.00676,-0.00151,-0.00361,-0.00111,0.02017
20190726,-0.00688,-0.00149,-0.00377,-0.0012,0.02069
20190729,-0.0072,-0.00144,-0.00389,-0.00138,0.02058
20190730,-0.00666,-0.00151,-0.00397,-0.00141,0.02055
20190731,-0.00747,-0.00155,-0.00442,-0.00183,0.02051
20190802,-0.00842,-0.00165,-0.00495,-0.00234,0.01866
20190805,-0.00864,-0.00193,-0.00516,-0.00235,0.01762
20190806,-0.00882,-0.0018,-0.00537,-0.00264,0.01753
20190807,-0.00878,-0.00196,-0.00582,-0.00313,0.0163
20190808,-0.00877,-0.00191,-0.00558,-0.00279,0.01719
20190809,-0.00921,-0.00218,-0.00575,-0.00266,0.01716
20190812,-0.00939,-0.00226,-0.00593,-0.00284,0.0169
20190813,-0.00932,-0.00234,-0.00608,-0.00312,0.01645
20190814,-0.01023,-0.00219,-0.00649,-0.0037,0.01601
20190815,-0.01107,-0.00238,-0.00711,-0.00433,0.01557
20190816,-0.01087,-0.00233,-0.00684,-0.0041,0.01537
20190819,-0.01003,-0.00229,-0.00651,-0.00366,0.01596
20190820,-0.01032,-0.00235,-0.00691,-0.00411,0.01579
20190821,-0.00911,-0.00239,-0.00671,-0.00402,0.01586
20190822,-0.00906,-0.00243,-0.00645,-0.00359,0.01622
20190823,-0.00935,-0.00234,-0.00677,-0.00371,0.01611
20190826,-0.00953,-0.00279,-0.00663,-0.00375,0.01517
20190827,-0.00997,-0.00264,-0.00694,-0.00417,0.01513
20190828,-0.01009,-0.00273,-0.0071,-0.00435,0.01458
20190829,-0.01009,-0.00287,-0.00694,-0.00411,0.01496
20190830,-0.01008,-0.00275,-0.00703,-0.00409,0.01525
20190903,-0.01008,-0.00273,-0.00703,-0.004,0.01483
20190904,-0.00971,-0.00284,-0.00675,-0.00374,0.01493
20190905,-0.00864,-0.00268,-0.00595,-0.00281,0.0152
20190906,-0.00919,-0.00244,-0.00637,-0.00341,0.01605
20190909,-0.00862,-0.00258,-0.00582,-0.00279,0.01596
20190910,-0.00829,-0.00224,-0.00548,-0.00245,0.01647
20190911,-0.00785,-0.00203,-0.00561,-0.0026,0.0173
20190912,-0.00743,-0.0021,-0.00524,-0.00242,0.01701
20190913,-0.0065,-0.00155,-0.00445,-0.00175,0.01794
20190916,-0.00695,-0.00158,-0.0048,-0.00201,0.01834
20190917,-0.00717,-0.00153,-0.00474,-0.0018,0.01815
20190918,-0.00746,-0.00179,-0.00508,-0.00223,0.01775
20190919,-0.00745,-0.00227,-0.00507,-0.0021,0.01758
20190920,-0.00766,-0.00214,-0.00522,-0.0022,0.01793
20190923,-0.00825,-0.00235,-0.00583,-0.00289,0.01697
20190924,-0.00835,-0.00239,-0.006,-0.003,0.01704
20190925,-0.00812,-0.00255,-0.00576,-0.00275,0.01654
20190926,-0.00781,-0.00245,-0.00583,-0.00287,0.01718
20190927,-0.00769,-0.00239,-0.00575,-0.00281,0.01722
20190930,-0.00753,-0.00223,-0.00572,-0.00273,0.01699
20191001,-0.00737,-0.00146,-0.00562,-0.00263,0.01727
20191002,-0.00722,-0.00166,-0.00547,-0.0025,0.01634
20191003,-0.0077,-0.00189,-0.00587,-0.00286,0.01584
20191004,-0.00784,-0.00209,-0.00587,-0.00281,0.01538
20191007,-0.00774,-0.00224,-0.00575,-0.00275,0.01539
20191008,-0.00774,-0.00203,-0.00594,-0.00301,0.0152
20191009,-0.00678,-0.00209,-0.00549,-0.00258,0.01558
20191010,-0.00689,-0.00208,-0.00469,-0.00187,0.01584
20191011,-0.00656,-0.00179,-0.00445,-0.00165,0.01708
20191014,-0.00653,-0.00172,-0.00454,-0.00181,0.01733
20191015,-0.00608,-0.00169,-0.00417,-0.00162,0.01691
20191016,-0.00595,-0.00161,-0.00385,-0.00136,0.0174
20191017,-0.00578,-0.00154,-0.00408,-0.00148,0.01757
20191018,-0.00575,-0.00147,-0.0038,-0.00077,0.01768
20191021,-0.00531,-0.00134,-0.00345,-0.0004,0.01778
20191022,-0.00505,-0.00131,-0.00367,-0.00062,0.01775
20191023,-0.00607,-0.00138,-0.0039,-0.00092,0.01731
20191024,-0.00598,-0.00145,-0.00406,-0.00105,0.0175
20191025,-0.00557,-0.00145,-0.00364,-0.00071,0.01766
20191028,-0.00512,-0.00132,-0.00331,-0.00028,0.01833
20191029,-0.00522,-0.00107,-0.00351,-0.00055,0.01839
20191030,-0.00506,-0.00117,-0.00355,-0.00058,0.01826
20191031,-0.00563,-0.00139,-0.00403,-0.00097,0.01708
20191101,-0.00534,-0.0018,-0.00381,-0.00069,0.01677
20191104,-0.0047,-0.00149,-0.00349,-0.00044,0.01747
20191105,-0.00451,-0.00134,-0.00309,-0.00016,0.01825
20191106,-0.0043,-0.00082,-0.00334,-0.00031,0.01837
20191107,-0.00404,-0.00083,-0.00234,0.00049,0.01881
20191108,-0.0038,-0.00058,-0.00261,0.00025,0.0195
20191111,-0.00404,-0.00063,-0.00244,0.00052,0.01943
20191112,-0.00379,-0.00034,-0.00252,0.00051,0.0194
20191113,-0.00473,-0.00043,-0.00298,0.00014,0.01888
20191114,-0.00505,-0.00072,-0.0035,-0.00022,0.0185
20191115,-0.00495,-0.00066,-0.00335,-0.0002,0.01841
20191118,-0.0052,-0.00083,-0.00336,-0.00027,0.01845
20191119,-0.00535,-0.00092,-0.00339,-0.00027,0.01817
20191120,-0.00551,-0.00107,-0.00347,-0.00042,0.01747
20191121,-0.00525,-0.00111,-0.00326,-0.00014,0.0176
20191122,-0.00583,-0.00079,-0.00359,-0.00044,0.0175
20191125,-0.00579,-0.00082,-0.00349,-0.00037,0.0179
20191126,-0.00577,-0.00094,-0.00371,-0.00059,0.01745
20191127,-0.00626,-0.0011,-0.00372,-0.00057,0.0175
20191202,-0.00595,-0.00046,-0.0028,0.00028,0.01833
20191203,-0.0058,-0.00021,-0.00348,-0.00044,0.01788
20191204,-0.00628,-0.00036,-0.00313,-5e-05,0.01733
20191205,-0.0059,-0.0004,-0.00297,0.00023,0.01772
20191206,-0.00601,-0.00011,-0.00287,0.00031,0.01795
20191209,-0.00597,-6e-05,-0.00307,0.00013,0.01828
20191210,-0.00565,-0.00016,-0.00296,0.00017,0.0181
20191211,-0.00561,-1e-05,-0.00322,-7e-05,0.0183
20191212,-0.00559,-0.00023,-0.00269,0.00042,0.01793
20191213,-0.00556,-0.00019,-0.0029,2e-05,0.01878
20191216,-0.0058,-0.00022,-0.00275,0.00022,0.01849
20191217,-0.00582,-6e-05,-0.00293,9e-05,0.01861
20191218,-0.00546,-0.00013,-0.00248,0.00051,0.01891
20191219,-0.0053,-7e-05,-0.00234,0.00066,0.01947
20191220,-0.00514,8e-05,-0.0025,0.00055,0.01935
20191223,-0.00532,8e-05,-0.00239,0.00058,0.01912
20191227,-0.00531,-0.0001,-0.00252,0.00047,0.01893
20191230,-0.00472,-0.00022,-0.00182,0.0012,0.01923
